# Accelerometer Data File
# Started @Mon Jul 18 22:37:49 CEST 2016
#
#
# sensor Vendor: STMicroelectronics
# sensor Name: 3-axis Accelerometer sensor
# sensor Resolution: 0.009576807m/sec^2; Max Range: 39.2266; Min Delay: 10000 microseconds
# The sensor's attributes are the result hardware and the Android capabilities.
# It means that the Android may not utilize all features provided by the hardware.
#
# Some devices and Android versions save battery too much so the device may go to sleep.
# It just happens after couple of minutes from turning off the scree and it is easy to find it out.
#
# The following file provides the data from accelerometer in the m/s^2 format.
# The diff value is just a time delta between the samples
#
#
# data format:
# so we have 4 columns with values separated by the " "
# X Y Z time_from_previous_sample(ms)

# sensor speed set to:FASTEST
# units set to: m/sec^2
# gravity  filtered out
# Accuracy: HIGH
1.008 3.783 7.498 0
1.295 1.336 5.249 9
-0.807 0.677 4.37 11
-2.364 0.738 5.562 10
-0.568 3.302 5.42 10
1.453 4.282 4.74 9
1.532 3.319 4.645 11
1.474 2.358 3.181 10
0.8 2.114 2.552 10
0.496 2.014 2.599 9
0.653 1.89 3.08 10
0.726 1.727 3.737 10
0.533 1.253 3.631 10
0.117 0.955 3.276 10
-0.523 0.42 3.198 10
-0.703 0.679 2.715 10
-0.107 0.999 2.34 10
-0.303 0.865 0.778 10
0.174 0.908 -0.091 10
0.347 0.981 -0.237 10
0.355 0.9 0.078 10
0.449 0.629 0.751 10
0.318 0.428 0.909 11
-0.067 0.23 0.292 9
-0.232 0.147 0.366 11
-0.175 0.063 0.287 9
-0.235 0.203 0.025 11
-0.021 0.484 -0.373 10
0.066 0.462 -0.292 10
0.352 0.381 0.236 10
0.481 0.222 0.41 9
0.545 0.234 0.869 10
0.559 0.547 0.403 11
-0.194 0.492 0.328 9
-0.149 0.003 1.114 11
-0.254 0.063 -0.418 10
-0.625 -0.071 0.872 9
-0.106 0.185 -0.317 11
-0.716 -0.333 0.791 10
-0.489 -0.463 1.117 10
-0.242 -0.572 0.755 10
-0.795 -0.653 0.524 10
-0.414 -0.251 0.386 10
-0.45 -0.416 0.33 10
-0.25 -0.314 0.538 10
-0.182 -0.239 0.458 9
-0.224 -0.172 0.18 11
-0.176 0.0 -0.079 10
-0.089 0.155 -0.191 10
0.117 0.191 -0.112 10
0.39 0.241 -0.144 9
-0.139 0.018 0.697 11
-0.35 -0.052 0.731 10
-0.496 -0.167 0.52 10
-0.386 -0.168 0.209 10
-0.218 -0.065 0.016 9
-0.075 -0.032 -0.321 11
0.043 0.03 -0.47 9
0.177 0.105 -0.569 11
0.116 0.112 -0.461 10
0.027 0.031 -0.139 10
0.007 -0.048 0.124 10
-0.122 -0.13 0.215 9
-0.084 -0.134 0.168 10
-0.067 -0.077 -0.072 11
0.016 0.041 -0.125 9
0.075 0.037 -0.164 11
0.059 0.025 -0.148 9
-0.024 -0.183 -0.004 11
-0.056 -0.225 0.142 9
-0.05 -0.289 0.3 10
-0.131 -0.157 0.132 10
-0.101 -0.21 0.197 10
-0.022 -0.284 0.177 11
0.005 -0.126 0.082 9
0.212 -0.217 0.366 10
0.182 0.028 0.08 11
-0.06 0.31 -0.617 9
0.428 0.106 -0.564 10
-0.407 0.027 0.293 10
0.133 0.153 0.178 10
-0.086 -0.034 0.031 10
-0.069 0.038 -0.48 10
-0.372 -0.129 0.222 10
-0.266 -0.159 -0.092 10
0.251 -0.091 -0.152 10
0.174 -0.048 0.181 10
0.424 0.025 -0.181 10
-0.247 0.014 -0.188 10
-0.308 0.099 -0.04 10
-0.277 -0.091 0.118 10
-0.232 -0.048 -0.143 10
-0.338 -0.051 -0.197 10
-0.373 -0.098 -0.402 10
-0.138 -0.088 0.034 10
-0.098 -0.226 0.746 10
-0.174 -0.048 0.826 10
-0.071 0.042 0.778 10
0.099 -0.056 0.7 10
-0.341 -0.171 -0.11 10
-0.35 -0.085 -0.151 10
-0.022 0.155 0.019 10
0.048 0.002 -0.439 10
0.397 0.14 -0.421 10
0.349 0.238 -0.646 10
0.133 0.231 -0.719 10
0.007 -0.274 -0.578 10
0.403 0.115 -0.227 10
0.285 0.026 0.113 11
-0.061 0.204 0.429 9
-0.305 0.252 0.421 11
-0.309 0.253 0.275 9
-0.114 0.029 0.075 10
0.318 0.311 -0.345 10
0.175 -0.185 -0.595 10
-0.204 -0.347 -0.837 10
-0.037 0.299 -0.133 10
0.061 0.139 0.561 10
-0.246 -0.003 1.185 10
-0.644 -0.175 1.196 10
-0.657 -0.132 0.352 10
-0.54 -0.196 -0.009 10
-0.089 0.038 0.31 10
0.272 0.043 -0.039 10
-0.383 -0.374 0.084 10
-0.534 -0.69 -0.259 10
-0.584 -1.035 -0.535 10
-0.595 -0.371 -1.412 10
0.412 -3.954 -1.918 10
1.37 -4.886 0.523 11
1.862 -5.681 3.617 10
-0.676 -2.484 -1.209 10
-1.849 0.495 -1.493 10
-2.001 2.514 0.233 10
-1.516 3.073 -0.117 10
0.531 2.102 -1.519 9
2.107 3.193 -1.143 11
1.327 3.176 -0.365 10
0.496 2.384 -0.742 10
1.033 1.439 -0.478 10
0.722 1.502 -0.887 9
-0.15 0.265 -0.971 11
1.001 0.437 -2.77 9
3.168 0.79 -1.028 11
1.645 0.771 -0.261 10
-1.26 0.703 -2.054 9
-1.737 0.684 -1.676 10
0.306 -0.668 -0.06 10
1.232 -4.135 0.893 10
0.29 -4.988 1.579 10
0.054 -2.791 0.999 10
0.195 -1.211 -0.47 10
0.339 -0.788 -1.449 10
-0.237 0.557 -2.364 10
0.794 1.923 -3.265 10
2.439 0.947 -2.473 10
1.169 -2.198 -1.743 11
-0.317 -4.228 -1.715 9
0.248 -3.357 -1.311 10
1.619 -1.677 -1.085 11
1.449 -1.311 -1.442 9
0.899 -1.292 -1.056 11
1.998 -1.619 -0.054 9
2.807 -2.526 1.209 10
3.104 -3.015 1.777 11
1.035 -2.558 1.66 10
1.612 0.326 1.114 10
2.744 -2.171 -1.763 9
2.788 -2.842 -2.569 11
3.837 -1.695 -2.114 9
4.755 -1.836 -1.678 10
4.882 -1.308 -2.226 10
5.437 -1.41 -1.633 11
5.617 -1.174 -2.038 9
5.831 -0.479 -2.61 10
4.291 -0.552 -3.357 11
5.276 -0.695 -3.34 10
5.998 -0.255 -0.757 9
4.743 0.494 -2.198 10
4.441 -1.054 0.495 10
3.325 -0.802 1.169 11
4.225 -0.799 1.647 10
4.655 -0.702 2.163 10
5.491 -0.227 3.033 10
5.597 0.364 2.479 10
3.098 -0.594 0.982 9
0.254 1.705 0.108 11
4.823 -1.748 -4.151 19
3.366 -0.547 -4.658 11
3.219 0.92 -4.451 10
3.621 1.285 -3.98 10
2.346 2.552 -4.53 9
2.783 1.478 -5.284 11
2.255 0.968 -5.247 9
1.814 1.958 -4.024 10
1.546 2.081 -2.94 10
1.064 1.097 -1.888 10
0.992 1.84 -0.113 11
0.453 2.139 -0.24 10
0.416 2.399 -0.078 10
-0.141 3.107 0.55 10
-0.403 3.417 1.245 10
-1.423 4.135 2.128 10
-0.531 1.748 2.424 10
-1.046 1.134 1.587 10
-4.234 2.908 1.842 10
-7.034 0.988 -1.936 10
-7.744 -2.299 -5.414 10
-7.004 -2.181 -1.899 9
-6.33 -2.79 -1.623 10
-6.903 -2.847 -1.788 12
-7.066 -1.985 -1.075 8
-5.101 -2.502 -0.381 10
-3.195 -2.881 0.708 11
-1.927 -2.136 1.145 9
0.954 0.016 1.195 11
2.487 1.85 0.946 9
1.618 0.562 0.55 11
-0.017 -0.562 1.968 9
-1.532 -0.764 2.392 10
-1.155 1.552 2.196 11
0.761 -0.421 1.597 9
0.952 -0.922 2.308 10
-0.219 -0.614 1.448 11
-1.352 -0.915 -0.868 9
-1.726 -2.943 0.528 11
-0.872 -5.459 -2.446 10
-0.656 -4.723 0.642 9
-0.461 -5.544 3.362 11
-0.277 -7.135 1.216 9
0.379 -6.482 0.284 11
0.221 -5.946 -0.873 10
0.061 -3.041 -2.639 9
-0.66 -2.548 -3.15 10
-1.326 -1.965 -1.991 10
-1.133 -0.812 -1.197 10
-0.132 -2.739 -1.706 10
-0.36 -2.456 -2.035 10
0.201 -2.331 1.572 10
-1.223 -0.512 3.069 10
-2.54 7.123 1.487 10
-3.234 -5.647 0.399 10
-3.583 -6.651 -0.011 11
-0.182 -1.866 2.273 9
-0.354 1.647 4.287 10
-1.87 2.06 4.392 10
2.204 1.354 -4.027 10
3.853 -4.986 -4.323 10
1.167 -5.669 -3.882 10
3.869 2.336 -1.89 10
5.3 3.412 -4.477 10
1.866 1.511 -7.709 10
0.524 1.308 -5.387 10
0.747 1.315 -3.133 10
1.784 3.838 0.567 10
-1.556 3.523 1.958 10
-3.409 3.55 1.53 10
-2.852 3.566 1.221 10
-2.559 1.14 -0.503 10
-8.258 -5.808 -16.226 11
-6.855 -4.373 -12.629 10
-3.489 -1.092 -1.454 9
-4.605 -1.457 3.12 10
-6.144 -1.88 3.955 11
-5.944 -1.847 4.326 9
-5.453 -1.49 4.462 11
-5.037 -2.099 4.421 9
-4.516 -2.449 4.005 10
-3.961 -2.282 3.484 10
-3.28 -2.657 1.877 11
-2.642 -3.305 0.319 10
5.06 0.92 -1.229 9
7.45 2.664 -0.865 10
1.826 2.277 -1.899 10
0.584 1.61 -1.192 10
-0.422 2.285 -1.322 11
-0.733 3.073 -1.483 9
-0.824 3.507 -0.611 10
-0.75 2.915 -0.058 10
-0.623 2.21 -0.992 10
-0.819 1.98 -1.496 10
-0.505 1.136 -2.027 11
0.053 -0.218 -7.66 9
0.341 0.165 -6.833 10
0.462 0.803 -0.125 10
-0.169 0.188 3.412 10
1.674 -6.707 6.251 11
1.92 -8.7 8.03 10
1.401 -10.941 9.227 9
0.33 -10.95 8.192 10
-1.504 -9.855 10.553 11
-4.758 -8.87 11.299 10
-6.609 -7.966 9.764 9
-6.327 -4.333 5.719 10
-4.781 0.383 2.07 10
-4.199 2.81 -0.558 10
-3.866 3.597 -1.691 11
-3.807 3.444 -2.375 9
-3.926 3.109 -2.939 10
-4.085 2.849 -3.3 10
-4.219 2.564 -3.194 10
-4.461 2.411 -2.668 10
-4.532 2.075 -1.393 10
-4.355 1.514 -0.211 10
-4.048 0.932 0.456 10
-3.738 0.537 0.333 10
-3.183 0.759 -0.872 10
-2.219 1.916 -2.948 10
-1.333 2.207 -5.316 10
0.489 1.236 -4.595 10
2.267 0.535 -0.955 10
1.213 -0.474 -2.402 11
0.143 -0.892 -2.964 9
-0.163 -0.622 -2.814 10
0.025 0.525 -2.101 10
0.479 1.671 -1.365 10
0.94 2.374 -0.815 10
1.104 2.18 -0.268 10
0.925 1.229 0.413 10
0.306 -0.125 1.32 11
0.026 -1.199 2.127 9
0.092 -2.044 2.5 11
0.247 -2.15 2.345 10
0.593 -1.616 2.248 9
1.059 -1.118 2.11 10
1.375 -0.55 1.89 10
1.462 -0.219 1.486 11
1.333 -0.731 1.423 9
0.975 -1.718 1.453 10
0.705 -1.977 1.687 10
0.833 -1.099 1.587 10
1.095 0.183 0.946 11
1.226 1.517 0.015 10
1.216 2.124 -0.623 10
0.741 2.075 -1.225 10
0.124 2.032 -1.447 10
-0.388 1.716 -0.966 10
-0.651 1.036 -0.033 10
-0.672 0.855 0.383 10
-0.484 1.14 0.474 10
-0.203 1.181 0.728 10
-0.062 0.735 0.983 10
0.004 0.127 1.083 10
0.202 -0.177 1.061 10
0.475 0.046 0.825 10
0.763 0.455 0.286 9
0.928 0.617 -0.112 11
0.861 0.176 -0.36 9
0.482 -1.306 -0.832 10
-0.005 -2.951 -1.12 10
-0.392 -3.897 -0.559 10
-0.801 -4.318 0.108 11
-1.092 -3.662 0.605 9
-0.948 -1.658 0.708 10
-0.741 0.274 0.388 10
-0.641 1.712 -0.142 10
-0.577 2.506 -0.498 11
-0.605 2.712 -0.543 10
-0.743 2.406 -0.523 9
-0.979 1.666 -0.341 10
-1.2 0.525 -0.118 10
-0.976 -0.475 0.04 10
-0.318 -0.91 0.036 10
-0.14 -0.879 -0.363 10
0.476 -0.007 -0.327 10
0.963 0.441 -0.087 10
1.237 0.475 0.041 10
1.381 0.203 0.287 11
1.406 -0.161 0.439 9
1.343 -0.447 0.533 10
1.304 -0.514 0.738 10
1.311 -0.6 0.975 10
1.283 -0.678 0.972 10
1.215 -0.636 0.745 10
1.016 -0.521 0.378 10
0.716 -0.357 -0.064 10
0.326 -0.347 -0.342 11
-0.102 -0.424 -0.446 10
-0.463 -0.425 -0.513 10
-0.761 -0.27 -0.574 10
-0.892 -0.045 -0.499 10
-0.958 0.157 -0.423 10
-0.767 0.426 -0.226 10
-0.38 0.659 0.046 10
-0.032 0.619 0.248 10
0.272 0.436 0.361 10
0.59 -0.02 0.385 10
0.936 -0.32 0.329 10
1.161 -0.305 0.107 10
1.364 -0.292 0.191 10
1.624 -0.771 0.12 10
1.78 -1.271 0.28 10
1.921 -1.446 -0.833 10
2.031 -0.853 -1.913 10
2.224 0.205 -3.152 10
1.976 1.09 -3.234 10
1.244 0.817 -1.591 10
0.852 0.046 0.377 10
0.569 -0.311 1.287 10
-0.117 0.089 0.745 10
-0.906 0.572 0.558 10
-1.884 0.954 0.175 10
-2.894 0.997 -0.256 10
-3.579 0.983 -0.506 10
-3.583 0.738 -0.334 10
-2.406 0.397 -0.422 10
-0.786 -0.055 -0.836 10
0.171 -0.55 -0.77 10
0.636 -0.891 -0.615 10
0.84 -1.173 -0.312 10
0.92 -1.443 0.278 10
0.759 -1.764 0.759 10
0.364 -1.838 0.864 10
0.077 -1.232 0.743 10
0.061 -0.496 0.393 10
0.201 -0.378 -0.206 10
0.379 -0.797 -0.806 10
0.479 -1.355 -1.147 10
0.311 -1.797 -1.369 10
-0.107 -2.376 -1.611 10
-0.502 -3.155 -1.433 10
-0.477 -3.477 -0.539 10
-0.059 -3.19 0.806 10
0.36 -2.957 2.019 10
0.557 -2.989 2.36 10
-0.188 -2.526 1.296 10
-1.272 -0.774 -0.418 10
-1.541 1.001 -1.557 10
-1.37 1.383 -2.022 10
-0.905 0.935 -2.432 10
-0.323 0.402 -2.275 10
-0.058 0.198 -1.349 10
-0.216 0.462 -0.378 10
-0.531 0.468 0.176 10
-1.029 0.507 0.563 10
-1.771 0.551 1.481 10
-2.145 0.711 2.539 10
-2.612 0.451 2.846 10
-2.738 -0.111 2.639 10
-2.714 -0.289 2.314 10
-2.753 -0.234 1.583 10
-2.736 -0.099 1.045 10
-2.316 0.307 0.924 10
-1.473 0.569 1.193 10
-0.42 0.46 1.091 10
0.69 -1.162 0.215 10
1.362 -3.39 -2.521 10
1.458 -4.404 -4.837 10
1.718 -2.637 -2.164 10
2.451 -0.347 0.922 10
3.093 1.669 2.355 10
3.206 3.208 1.973 10
2.446 4.094 -0.508 10
1.641 4.555 -2.491 10
1.081 4.884 -3.086 10
0.783 5.197 -2.08 10
0.48 5.186 -0.82 10
0.484 5.116 0.132 10
0.651 5.061 0.567 10
1.112 5.158 0.398 10
1.699 5.271 0.03 9
2.132 5.33 -0.497 11
2.324 5.082 -1.06 10
2.359 4.746 -1.255 10
2.105 4.211 -1.518 10
1.541 3.393 -1.607 10
0.827 2.606 -1.481 10
0.227 2.026 -1.341 10
-0.105 1.703 -1.285 10
-0.198 1.429 -1.475 10
-0.049 1.26 -1.948 9
0.369 1.35 -2.322 11
0.789 1.344 -2.874 9
1.037 1.278 -3.44 10
1.149 1.073 -3.975 11
1.344 0.586 -4.129 10
1.632 0.011 -3.958 9
1.797 -0.584 -3.682 11
1.772 -1.198 -3.202 10
1.672 -1.966 -2.787 10
1.652 -2.64 -1.689 10
1.754 -3.16 -0.279 10
1.751 -3.353 0.368 10
1.601 -3.405 0.262 10
1.45 -3.211 -0.039 10
1.512 -2.838 -0.448 10
1.834 -2.529 -1.231 10
2.159 -2.189 -1.53 10
1.78 -1.496 -0.489 10
0.464 -0.373 1.084 10
-0.952 0.388 1.398 10
-2.262 0.668 -0.422 10
-3.199 -0.407 -2.353 10
-3.534 -2.883 -3.049 10
-3.637 -5.059 -1.347 10
-3.825 -6.01 2.044 10
-3.9 -6.409 3.995 10
-3.777 -6.216 3.966 10
-2.666 -4.405 4.509 10
-1.038 -1.456 4.178 10
0.203 0.809 3.131 10
0.932 2.124 2.258 10
1.218 2.472 1.799 10
1.045 2.13 1.654 10
0.173 1.245 1.187 10
-0.981 -0.06 0.508 10
-2.167 -1.373 0.207 10
-2.976 -2.373 0.66 9
-3.135 -2.489 1.146 10
-3.011 -2.568 1.488 11
-2.822 -2.483 1.494 10
-2.747 -2.019 1.646 10
-2.351 -1.429 2.352 10
-1.159 -0.08 2.091 10
0.085 1.289 1.744 10
0.835 1.893 1.208 10
1.191 2.057 -0.55 10
1.123 1.972 -2.348 10
1.149 1.559 -2.087 10
1.111 0.92 -1.758 10
0.974 1.302 -1.608 10
1.127 2.198 -1.016 10
1.359 2.926 -0.406 10
1.369 3.297 -0.167 10
1.207 3.321 -0.09 10
1.086 3.187 -0.201 10
0.986 3.066 -0.819 10
0.879 2.854 -1.59 10
0.782 2.353 -1.742 10
0.919 1.653 -1.654 10
0.81 1.099 -1.54 10
0.686 0.369 -1.403 10
0.514 -0.434 -0.625 9
0.342 -1.141 0.566 11
0.032 -1.966 1.957 10
-0.298 -2.493 2.934 10
-0.51 -2.959 3.528 10
-0.683 -3.318 3.856 10
-0.563 -3.348 4.1 10
-0.265 -3.358 4.491 10
-0.264 -2.971 4.188 10
-0.807 -2.544 2.821 10
-1.571 -2.652 1.315 10
-2.094 -2.809 -0.108 10
-2.256 -2.804 -1.269 10
-2.151 -2.808 -2.237 10
-2.073 -2.803 -3.298 10
-2.004 -2.91 -3.881 10
-2.191 -3.257 -3.864 10
-2.403 -3.509 -3.934 10
-2.439 -3.727 -3.687 10
-2.203 -3.526 -2.87 10
-1.552 -2.251 -1.92 10
-0.785 -0.414 -1.185 10
-0.31 0.988 -0.747 10
-0.391 1.639 -0.871 10
-0.834 1.544 -1.732 10
-1.311 1.131 -2.662 9
-1.404 0.785 -2.887 11
-1.039 0.784 -1.9 10
-0.211 0.887 0.341 9
0.584 0.694 3.151 11
1.0 0.435 5.456 10
0.969 0.926 7.444 9
0.924 1.144 8.906 11
1.495 1.029 8.55 9
2.216 0.452 6.618 10
1.968 0.519 3.827 11
2.116 -1.394 0.014 9
2.163 -3.392 -5.184 11
1.395 -1.906 -4.036 9
0.963 0.499 -1.512 10
0.901 2.759 0.482 10
0.759 4.439 2.106 10
0.33 5.685 3.145 10
-0.306 6.581 2.503 10
-0.844 7.009 0.288 10
-0.984 6.989 -2.231 10
-0.463 6.618 -3.861 10
0.384 6.18 -4.251 11
0.794 5.441 -4.093 10
0.999 4.656 -2.227 9
1.106 3.932 0.632 11
1.228 3.099 2.19 10
1.545 2.358 2.246 10
1.847 1.838 0.591 10
1.903 1.163 -1.01 10
1.937 0.788 -1.271 10
1.804 0.545 -1.764 10
1.761 0.603 -2.2 10
1.507 0.439 -2.799 10
1.003 0.24 -3.639 10
0.446 -0.085 -4.163 10
-0.149 -0.413 -4.083 10
-0.203 -0.466 -3.571 10
0.394 -0.437 -3.223 10
1.561 -0.126 -3.004 10
2.344 0.481 -3.16 10
2.679 1.389 -3.059 10
2.437 1.923 -3.055 10
2.202 1.868 -3.405 10
1.999 0.88 -4.09 10
2.143 -0.5 -4.396 10
2.498 -1.743 -4.137 10
2.92 -2.215 -3.508 10
3.318 -1.769 -2.778 10
2.9 -1.144 -2.061 10
2.093 -0.547 -1.51 10
1.737 0.015 -1.298 10
1.615 0.315 -1.1 10
1.419 0.447 -0.895 10
1.104 0.204 -1.124 10
0.744 -0.505 -1.072 10
0.101 -0.963 0.637 10
-1.537 -0.013 3.383 10
-4.452 1.289 3.338 10
-6.86 0.169 -1.373 10
-6.156 -4.183 -6.83 10
-4.532 -8.005 -5.552 10
-3.553 -10.462 2.079 10
-3.612 -9.994 9.016 10
-2.923 -5.943 11.596 10
-1.398 -1.686 7.799 10
0.197 1.628 4.27 10
1.608 3.835 3.033 10
2.577 4.667 2.703 10
2.655 4.373 1.916 10
2.286 3.453 1.198 10
1.497 1.522 1.104 10
0.382 -1.293 1.399 10
-0.819 -3.689 1.44 10
-2.245 -6.113 2.279 10
-3.339 -8.208 3.775 10
-3.678 -8.326 4.509 10
-2.939 -6.27 4.454 10
-2.085 -4.005 3.845 10
-1.204 -1.579 2.418 10
-0.498 0.655 1.538 10
-0.396 2.089 1.419 10
-0.658 2.63 1.079 10
-0.971 2.462 0.548 10
-1.167 1.871 -0.169 10
-1.111 1.072 -0.609 10
-0.853 0.568 -1.039 10
-0.578 0.322 -1.694 10
-0.305 0.496 -2.197 10
0.216 0.61 -1.684 10
0.815 0.963 -0.757 10
1.233 2.289 -0.285 10
1.248 3.637 -0.532 10
1.132 4.506 -0.763 10
1.044 4.797 -0.808 10
0.991 4.636 -0.787 10
0.892 4.267 -0.657 10
0.872 3.478 -0.074 10
0.75 2.518 0.269 10
0.649 1.525 0.733 10
0.533 0.847 1.125 10
0.29 0.521 1.237 10
-0.006 0.038 1.329 10
-0.35 -0.439 1.489 10
-0.694 -0.835 1.486 10
-1.055 -1.286 1.26 10
-1.183 -1.769 1.117 10
-1.297 -2.066 1.091 10
-1.262 -1.989 1.284 10
-1.136 -1.893 1.517 10
-0.962 -2.057 1.15 9
-0.331 -2.584 0.268 10
0.27 -2.938 -0.43 11
0.346 -2.876 -0.93 9
0.001 -2.968 -1.147 11
-0.291 -3.292 -0.869 9
-0.322 -3.678 -0.222 10
-0.238 -4.103 0.524 10
-0.18 -4.874 1.152 11
-0.015 -5.644 1.968 10
0.054 -5.614 2.435 10
-0.2 -4.967 1.881 10
-0.637 -3.737 0.891 10
-1.607 -2.803 0.233 10
-2.515 -1.601 -0.125 10
-2.996 -0.449 -0.303 10
-3.378 0.034 -0.574 10
-3.462 0.781 -0.827 10
-3.03 1.573 -1.597 10
-2.21 1.769 -2.842 10
-1.48 1.497 -4.092 10
-0.78 0.925 -4.364 9
0.098 0.143 -4.488 11
0.847 -0.577 -4.547 10
1.245 -0.924 -3.774 10
1.12 -0.832 -2.69 9
0.888 -0.576 -1.567 11
0.29 0.834 0.898 9
-0.238 2.508 3.903 11
-0.576 2.999 5.374 9
-1.035 3.285 5.871 10
-1.268 3.086 6.111 10
-1.038 2.519 6.664 10
-0.443 2.982 6.42 11
0.075 3.115 5.916 9
0.679 3.191 4.255 10
1.637 0.381 -3.108 11
2.378 0.179 -0.866 9
2.744 0.618 2.176 11
2.917 1.401 2.398 10
2.807 3.036 0.288 10
2.578 4.155 -1.921 9
2.147 4.817 -2.151 11
1.76 5.645 -2.074 10
1.498 6.347 -1.548 10
0.995 6.756 -3.418 10
0.051 5.563 -6.653 9
-0.316 4.153 -6.134 11
-0.43 3.048 -3.728 10
-0.129 2.037 -1.106 10
0.159 1.169 0.409 10
0.608 0.673 0.351 10
1.116 0.209 -0.425 10
1.574 -0.328 -1.218 10
2.097 -0.588 -1.519 10
2.491 -0.753 -1.996 10
2.655 -0.721 -2.856 10
2.734 -0.382 -2.898 10
2.22 0.147 -3.031 10
0.946 0.175 -2.995 10
-0.078 0.321 -2.704 10
-0.424 0.78 -2.701 10
-0.304 1.288 -2.948 10
0.122 1.728 -3.342 10
0.808 1.892 -3.456 10
1.589 1.496 -3.102 10
2.361 0.881 -2.594 10
2.935 0.112 -2.188 10
3.546 -0.312 -1.814 10
4.726 -1.324 -2.236 10
4.96 -2.028 -3.305 20
5.188 -2.532 -4.043 10
4.928 -2.52 -2.699 10
2.996 -1.44 2.31 10
-2.906 1.935 6.509 10
-5.158 3.215 1.799 19
-6.167 -1.803 -5.844 11
-7.274 -13.456 -5.898 11
-6.814 -12.111 4.905 18
-6.589 -10.9 7.474 11
-3.827 -7.879 6.847 10
-0.566 -1.549 6.128 10
1.231 2.846 5.222 10
1.952 5.25 3.545 10
2.335 6.216 1.234 10
2.446 6.603 0.145 10
2.503 5.951 0.863 10
2.072 3.899 2.087 10
1.08 1.2 2.921 10
0.127 -1.695 2.405 10
-1.229 -5.094 1.027 10
-2.64 -7.773 1.329 10
-3.798 -7.427 2.489 10
-3.884 -5.693 3.042 10
-3.659 -4.529 3.47 9
-3.121 -3.085 3.39 11
-2.438 -1.147 2.93 9
-1.272 0.708 2.482 11
-1.145 1.999 2.234 10
-0.72 2.583 1.493 10
-0.458 2.661 0.525 10
-0.249 2.515 0.473 9
-0.017 2.678 -1.772 11
0.053 2.642 -2.861 10
0.461 1.758 -2.403 10
0.493 0.634 -2.249 10
0.555 -0.273 -1.679 10
0.888 -0.643 -0.692 10
1.221 0.998 -0.149 10
1.392 0.898 -1.272 10
1.425 2.256 -0.55 10
0.938 2.694 -0.969 10
-0.086 2.425 -1.294 9
-1.155 1.467 -1.268 11
-1.901 0.553 -0.952 9
-2.262 -0.337 -0.331 11
-2.036 -1.174 0.589 10
-1.41 -1.936 1.28 10
-0.226 -2.466 2.066 10
0.649 -3.038 2.859 10
1.067 -3.26 3.15 10
1.261 -2.865 2.465 10
1.29 -2.105 1.425 10
1.196 -1.273 0.619 10
0.93 -0.991 0.436 10
0.75 -1.133 0.591 10
0.641 -1.433 1.04 10
0.516 -1.626 1.16 10
0.275 -1.67 0.88 10
-0.088 -1.727 0.405 10
-0.449 -1.753 -0.299 10
-0.654 -1.69 -1.036 10
-0.658 -1.745 -1.441 10
-0.67 -2.018 -1.314 10
-0.766 -2.48 -0.855 10
-0.776 -2.939 -0.623 10
-1.026 -3.197 -0.698 10
-1.294 -3.256 -0.818 10
-1.63 -2.827 -0.357 10
-2.182 -2.027 -0.089 10
-2.636 -0.842 -0.381 10
-2.657 0.129 -0.791 10
-2.219 0.926 -1.324 10
-1.462 1.265 -2.045 10
-0.816 1.155 -2.849 10
-0.217 1.195 -2.866 10
0.053 1.42 -2.51 10
0.479 1.252 -1.483 10
0.767 0.644 -1.361 10
0.777 0.226 -0.518 10
0.371 0.462 1.248 10
-0.13 1.157 3.011 10
-0.436 1.464 4.158 10
-0.453 1.171 4.302 10
-0.476 0.45 4.182 10
-0.42 -0.749 3.91 10
0.104 -3.061 1.571 10
0.171 -4.47 -2.093 10
0.111 -2.299 -1.116 10
0.556 0.377 0.684 10
1.207 1.917 1.417 10
1.25 3.484 0.663 10
1.048 4.299 -0.109 10
0.934 4.601 -0.012 10
1.168 5.132 -0.071 10
1.474 5.403 -0.296 10
1.706 5.57 -0.56 10
1.785 5.72 -1.047 10
1.434 5.501 -1.951 10
0.791 5.123 -1.876 10
0.375 4.844 -1.387 10
0.114 4.635 -0.989 10
0.007 4.378 0.186 10
0.188 3.958 0.659 10
0.445 3.364 0.257 10
0.555 2.691 -0.311 10
0.767 2.086 -0.745 10
1.035 1.498 -1.016 10
1.293 0.934 -1.242 10
1.414 0.668 -1.772 10
1.359 0.576 -2.328 10
1.197 0.647 -3.0 10
0.957 0.72 -3.76 10
0.783 0.829 -4.28 10
0.869 0.884 -4.145 10
1.187 0.71 -3.645 10
1.525 0.458 -3.401 10
1.907 0.102 -3.173 10
2.285 -0.511 -2.648 10
2.548 -1.167 -2.125 10
2.491 -1.593 -1.956 10
2.087 -1.701 -2.036 10
1.757 -1.643 -2.211 10
1.771 -1.478 -2.938 10
2.206 -1.555 -4.523 10
2.908 -1.77 -5.002 10
3.099 -1.257 -1.64 10
0.729 0.48 2.97 10
-2.368 2.216 4.432 10
-4.812 3.537 2.178 10
-6.589 2.873 -4.779 10
-5.826 -5.11 -9.067 10
-5.295 -11.4 -6.152 10
-4.55 -12.432 3.392 10
-3.673 -11.188 9.956 10
-2.168 -10.069 8.271 10
0.798 -7.614 7.978 10
2.726 -2.233 7.56 10
3.169 1.704 5.692 10
3.171 4.137 3.011 10
3.121 5.395 1.21 10
3.093 5.571 1.313 10
2.956 4.548 2.207 10
1.747 1.913 1.78 10
-0.021 -1.053 0.748 10
-1.743 -3.654 0.182 10
-3.198 -5.702 0.871 10
-4.05 -6.2 1.982 10
-4.128 -4.632 2.869 10
-3.663 -2.29 3.134 10
-2.771 0.076 2.295 10
-1.985 2.145 1.496 10
-1.27 3.43 1.157 10
-0.832 3.742 1.36 10
-0.327 3.902 1.621 10
-0.216 3.719 0.95 10
-0.402 3.218 -0.825 10
-0.172 2.344 -2.621 10
0.396 0.955 -3.212 10
0.891 -0.122 -3.219 10
1.345 -0.731 -2.147 10
1.555 -0.804 -0.915 10
1.623 -0.387 -0.048 10
1.832 0.262 0.603 10
1.855 1.089 0.947 10
1.799 1.704 1.059 10
1.619 1.775 1.014 10
0.845 1.158 0.628 10
0.106 0.516 0.134 10
-0.516 0.068 -0.482 10
-1.128 -0.42 -0.761 10
-1.61 -0.861 -0.943 10
-1.794 -1.076 -0.642 10
-1.821 -0.995 -0.095 10
-1.803 -0.783 0.689 10
-1.579 -0.808 1.387 10
-1.301 -0.788 2.033 10
-1.127 -0.821 2.467 10
-0.928 -0.902 2.514 10
-0.577 -1.14 2.322 10
0.118 -1.465 1.702 10
0.744 -1.905 1.196 10
1.023 -2.326 0.68 10
0.972 -2.326 0.336 10
0.797 -2.085 0.242 10
0.536 -1.825 0.209 10
0.164 -1.582 -0.052 10
-0.188 -1.613 -0.581 10
-0.471 -1.943 -1.282 10
-0.553 -2.447 -1.619 10
-0.584 -2.866 -1.543 10
-0.68 -3.243 -1.458 10
-0.681 -3.229 -1.984 10
-0.389 -2.69 -3.165 10
0.028 -2.051 -4.107 10
0.344 -1.613 -3.791 10
0.163 -1.667 -1.877 10
-0.464 -1.802 0.809 10
-1.271 -1.665 2.693 10
-2.256 -1.248 3.087 10
-3.03 -0.787 1.856 10
-3.399 -0.071 0.249 10
-3.188 0.789 -1.585 10
-2.43 1.253 -3.676 10
-0.92 1.938 -5.127 10
0.705 1.977 -4.933 10
1.514 1.434 -1.544 10
1.294 1.144 2.66 10
0.759 0.676 5.428 10
0.528 -0.218 7.101 10
0.811 -1.179 7.933 10
1.247 -2.302 8.131 10
2.002 -4.485 4.37 10
2.0 -5.51 -2.125 10
1.17 -2.434 -2.145 10
1.45 0.808 0.49 10
1.537 2.899 2.415 10
1.108 4.169 3.303 10
0.325 4.063 1.878 10
-0.422 3.294 -1.085 10
-0.794 3.154 -2.821 10
-0.456 4.158 -2.021 10
0.037 5.629 -0.113 10
0.585 6.764 0.811 10
0.845 7.174 0.859 10
0.709 6.974 0.558 10
0.664 6.776 0.157 10
0.985 6.65 -0.857 10
1.473 6.373 -2.038 10
1.446 5.701 -2.628 10
1.009 4.907 -2.718 10
0.511 4.054 -2.153 10
0.124 3.321 -1.343 10
-0.094 2.834 -0.898 10
-0.094 2.568 -0.964 10
0.035 2.319 -1.298 10
0.273 2.122 -1.625 10
0.444 1.944 -1.635 10
0.425 1.62 -1.945 10
0.133 1.372 -2.285 10
-0.181 1.062 -2.539 10
-0.137 0.68 -2.328 10
0.091 0.164 -2.113 10
0.41 -0.231 -2.203 10
0.739 -0.509 -2.612 10
1.2 -0.803 -3.247 10
1.976 -1.404 -4.207 10
2.813 -2.022 -5.217 10
3.781 -2.397 -5.893 10
4.756 -2.76 -5.916 10
5.435 -3.122 -5.057 10
5.849 -3.336 -3.56 10
5.833 -3.347 -2.066 10
5.37 -3.047 -0.601 10
4.824 -2.251 0.148 10
4.411 -1.181 -0.487 10
4.082 -0.071 -1.972 10
3.458 0.529 -2.913 10
1.38 0.468 0.756 10
-3.084 1.326 6.231 10
-8.645 3.15 2.755 10
-14.504 4.128 -9.534 10
-14.113 -2.145 -11.589 10
-8.289 -11.3 -1.535 10
-1.875 -12.385 16.64 10
1.897 -11.146 12.968 10
3.199 -7.963 -0.705 10
3.353 -0.909 2.553 10
2.914 3.154 2.72 10
1.424 5.321 1.199 10
1.161 5.401 1.958 10
1.588 4.887 1.943 10
1.257 2.812 1.352 10
-0.049 -0.683 1.665 10
-1.543 -3.588 2.231 10
-2.734 -5.048 2.111 10
-3.314 -4.621 1.943 10
-3.163 -3.616 2.283 10
-2.649 -2.392 2.408 10
-1.892 -0.679 2.167 10
-1.203 0.672 1.787 10
-0.669 1.113 2.074 10
-0.412 1.295 1.84 10
-0.138 1.088 1.742 10
-0.185 0.738 1.809 10
-0.27 0.13 2.016 10
-0.389 -0.925 2.246 10
-0.385 -1.833 2.159 10
-0.476 -2.356 1.977 10
-0.256 -2.5 2.409 10
0.053 -1.793 2.823 10
0.1 -0.286 1.627 10
0.366 1.181 1.68 10
0.467 2.33 0.115 10
0.205 2.872 -1.662 10
-0.254 2.396 -2.513 10
-0.763 1.51 -2.425 10
-0.868 0.583 -1.881 10
-0.755 0.085 -1.391 10
-0.421 -0.052 -0.795 10
-0.276 0.202 -0.604 9
-0.162 0.656 -0.095 10
-0.214 0.806 -0.085 11
-0.279 0.682 0.267 10
-0.165 0.924 0.74 10
-0.062 1.228 0.735 10
-0.099 1.157 0.679 10
-0.149 1.145 0.731 10
-0.393 0.901 0.719 10
-0.578 0.569 1.078 10
-0.787 0.331 1.487 10
-0.907 -0.02 1.985 10
-0.859 -0.302 2.269 10
-0.799 -0.418 2.197 10
-0.676 -0.566 2.063 10
-0.419 -0.604 1.676 10
-0.213 -0.837 1.31 10
-0.295 -1.167 0.386 10
-0.248 -1.636 -0.35 10
0.043 -1.74 -0.116 10
0.323 -1.479 0.317 10
0.394 -1.461 0.475 10
0.337 -1.573 0.298 9
0.571 -1.424 -0.671 11
0.867 -1.299 -3.267 10
0.987 -1.626 -5.517 10
0.837 -1.8 -5.724 10
0.744 -1.525 -4.669 10
0.851 -1.105 -3.185 10
0.895 -0.753 -1.97 10
0.857 -0.48 -1.411 10
0.927 -0.673 -0.951 10
1.144 -1.476 0.031 10
1.228 -2.785 1.295 10
1.45 -3.868 2.829 10
1.874 -3.559 4.434 10
1.859 -2.039 4.792 10
1.655 -0.172 3.485 10
1.128 0.784 0.947 10
0.438 0.274 0.87 10
-0.234 -0.571 1.808 10
-0.694 -0.781 2.102 10
-1.107 -0.539 1.417 10
-1.436 -0.442 1.077 10
-1.749 -0.786 1.142 10
-1.669 -1.431 1.786 10
-1.536 -1.667 1.995 10
-1.245 -1.25 1.718 10
-0.784 -0.065 0.934 10
-0.378 1.009 0.203 10
-0.142 1.417 0.131 10
-0.085 1.361 0.101 10
-0.042 1.096 0.159 10
-0.029 0.572 -0.459 10
0.094 0.007 -1.215 10
0.196 -0.166 -2.093 10
0.254 0.29 -2.021 10
0.186 1.364 -1.595 10
0.202 2.15 0.003 10
0.19 2.874 1.382 10
-0.035 3.569 1.433 10
-0.376 3.885 0.54 10
-0.692 4.134 -0.384 10
-0.752 4.117 -0.207 10
-0.573 3.99 -0.006 10
-0.456 3.737 0.253 10
-0.367 3.415 0.624 10
-0.399 3.074 1.053 10
-0.738 2.689 0.766 10
-1.13 2.109 0.052 10
-1.396 1.373 -0.401 10
-1.558 0.761 -0.748 10
-1.687 0.358 -1.07 10
-1.785 0.106 -1.471 10
-1.951 -0.007 -1.841 10
-2.092 0.019 -2.183 10
-2.107 0.103 -2.594 10
-1.827 0.325 -3.067 10
-0.886 0.741 -3.45 10
0.15 0.882 -3.372 10
0.867 0.794 -2.914 10
1.401 0.508 -1.959 10
1.864 0.207 -0.789 10
2.229 -0.175 0.168 10
2.403 -0.528 0.548 10
2.361 -0.794 0.441 10
2.073 -1.111 0.095 10
1.736 -1.836 -0.379 10
1.382 -2.635 -0.823 10
1.011 -3.569 -2.249 10
0.737 -4.341 -3.731 10
0.612 -4.459 -4.659 10
0.775 -3.53 -5.262 10
0.792 -1.695 -5.71 10
0.514 0.086 -5.544 10
-0.01 1.128 -4.886 10
-1.035 0.955 -4.234 10
-2.181 -0.199 -3.569 10
-2.997 -2.127 -3.117 10
-2.973 -4.25 -1.004 10
-2.581 -5.006 4.276 10
-1.633 -1.549 11.683 10
-1.323 2.863 12.997 10
-1.182 4.947 11.292 10
-0.969 5.236 8.275 10
-1.002 4.523 5.198 10
-0.979 3.217 3.48 10
-0.674 1.654 3.356 10
-0.443 -0.079 3.658 10
-0.718 -1.838 3.387 10
-0.913 -3.791 3.109 10
-1.003 -5.584 3.393 10
-0.868 -5.44 3.148 10
-0.16 -3.413 0.989 10
0.57 -1.201 -1.902 10
1.159 0.056 -5.202 10
1.518 0.593 -4.898 10
1.779 1.085 -3.684 10
2.213 2.002 -3.548 10
1.415 1.587 -2.581 10
0.842 1.04 -1.677 10
0.723 0.988 -1.087 10
0.746 1.337 -0.426 10
0.757 1.608 0.408 10
0.682 1.775 1.178 10
0.484 2.046 1.456 10
0.212 2.065 0.828 10
-0.266 1.833 0.271 10
-1.032 1.46 -0.35 10
-1.153 0.762 -0.048 10
-0.615 0.203 0.292 10
-0.226 -0.566 0.668 10
-0.031 -1.087 0.886 10
0.066 -1.297 0.797 10
0.214 -1.176 0.623 10
0.115 -0.972 -0.421 10
-0.007 -0.892 -1.448 10
0.122 -0.717 -1.622 9
0.17 -0.464 -1.27 11
0.23 -0.392 -0.609 10
0.363 -0.309 0.055 10
0.257 -0.02 0.101 10
0.025 0.05 -0.089 10
-0.477 0.261 -0.537 10
-0.912 0.372 -1.13 10
-0.829 0.275 -1.301 10
-0.324 0.333 -0.947 10
0.113 -0.001 -0.145 10
0.687 -0.604 1.032 10
1.084 -0.845 1.928 10
1.251 -0.898 2.459 10
1.385 -0.981 2.851 10
1.376 -0.917 2.764 10
1.031 -0.67 2.143 10
0.566 -0.448 1.274 10
0.234 -0.481 0.362 10
0.158 -0.786 -0.466 10
0.186 -1.181 -1.187 9
0.167 -1.417 -1.577 11
0.314 -1.387 -1.548 10
0.55 -1.731 -1.342 10
0.796 -2.583 -1.095 9
1.053 -3.092 -0.865 10
1.344 -2.981 -0.52 11
1.546 -2.769 0.186 9
1.494 -2.811 0.814 10
1.173 -3.013 0.715 11
-0.34 -2.737 -0.881 10
-1.797 -1.127 -2.568 10
-2.229 0.527 -3.38 10
-1.799 1.138 -3.171 10
-0.999 0.955 -2.216 10
-0.416 0.412 -1.159 10
-0.254 0.172 -0.284 10
-0.306 0.163 0.347 10
-0.431 -0.102 0.889 10
-0.801 -0.333 1.154 10
-1.479 0.07 1.849 10
-2.09 0.416 2.551 10
-2.467 0.495 2.805 10
-2.453 0.187 3.757 10
-2.518 -0.486 3.907 10
-2.844 -0.609 3.085 10
-2.568 -1.591 1.742 10
-1.725 -3.19 -1.879 9
-1.199 -4.302 -2.329 11
-0.769 -4.139 -1.458 9
-0.252 -1.846 -0.269 10
0.186 0.872 0.162 11
0.9 2.698 -0.267 10
1.439 3.574 -0.973 10
1.683 3.915 -1.548 10
1.911 4.489 -2.065 10
2.039 4.953 -1.411 10
2.059 5.139 0.083 10
2.129 5.642 -0.261 10
1.985 5.828 -1.088 10
1.424 5.702 -0.884 10
0.98 5.442 0.082 10
0.77 5.173 1.393 10
0.615 4.854 1.693 10
0.631 4.541 1.248 10
0.835 4.449 0.683 10
1.174 4.547 0.003 10
1.393 4.575 -1.461 10
1.305 4.376 -2.686 10
1.071 4.18 -3.167 10
0.878 3.882 -3.281 10
0.514 3.279 -2.85 10
0.17 2.649 -2.194 10
0.196 2.134 -1.957 10
0.521 1.714 -2.132 10
1.072 1.353 -2.531 10
1.654 0.924 -3.002 10
2.187 0.392 -3.141 10
2.606 -0.137 -2.836 10
2.897 -0.537 -2.173 10
3.004 -1.121 -1.68 10
3.1 -1.595 -1.839 10
3.316 -2.117 -3.051 10
3.639 -2.87 -4.591 10
3.904 -3.238 -6.769 10
3.902 -3.173 -6.902 10
2.787 -1.83 -0.98 10
0.569 0.688 7.021 10
-2.305 1.584 5.957 10
-4.1 -1.607 -1.171 10
-3.578 -10.152 -8.122 10
-2.987 -12.618 -7.827 10
-3.12 -11.357 0.169 10
-2.928 -10.031 5.031 10
-2.118 -3.917 5.191 10
-1.389 2.343 3.767 10
-0.578 5.901 2.511 10
-0.184 6.958 1.45 10
0.144 7.132 0.951 10
0.19 5.997 1.442 10
0.3 4.156 2.617 10
0.106 1.422 3.751 10
-0.714 -2.038 3.626 10
-1.866 -5.394 2.608 10
-2.998 -8.948 2.666 10
-3.569 -10.501 3.201 10
-2.953 -8.9 3.588 10
-1.736 -4.743 3.66 10
-0.64 -1.088 3.38 10
0.035 1.295 2.482 10
0.333 2.648 1.699 10
0.265 3.667 1.736 9
0.041 4.025 2.14 10
-0.152 3.579 2.469 11
-0.464 2.687 2.455 10
-0.771 1.53 2.304 10
-1.065 0.541 1.961 10
-1.286 -0.003 1.834 10
-1.312 -0.589 0.789 10
-1.353 -0.694 -1.091 10
-1.192 -0.357 -2.447 10
-0.668 0.065 -5.098 10
-0.282 0.378 -5.7 10
0.495 0.452 -4.966 10
1.307 0.234 -3.496 10
1.806 0.176 -1.939 10
1.979 1.029 -1.952 10
1.901 1.883 -1.99 10
1.59 2.324 -1.239 10
1.061 2.583 0.177 10
0.687 1.85 1.426 10
0.222 1.467 1.335 10
-0.161 1.044 0.934 10
-0.128 0.302 1.022 10
0.065 -0.589 1.187 10
0.24 -1.745 1.904 10
0.224 -3.079 2.895 10
0.262 -4.598 3.501 10
0.279 -4.983 3.651 10
0.104 -4.287 3.243 10
-0.801 -2.694 1.884 10
-1.928 -1.296 0.48 10
-3.037 -0.933 -0.437 10
-3.664 -1.047 -1.255 10
-3.556 -1.278 -1.716 10
-2.459 -1.374 -1.656 10
-1.343 -1.72 -1.146 10
-0.795 -2.573 -0.712 10
-0.327 -3.376 -0.451 10
0.084 -3.711 -0.527 10
0.662 -3.486 -0.147 10
1.319 -2.775 0.04 10
1.515 -1.989 -0.662 10
1.415 -1.764 -0.742 10
0.515 -1.347 -0.53 10
-0.777 -0.6 -0.253 10
-1.707 0.011 0.185 10
-1.812 0.708 0.003 10
-1.114 1.378 -1.479 10
-0.503 1.732 -3.684 10
-0.185 1.455 -5.186 10
0.013 0.758 -5.046 10
0.107 0.354 -4.206 10
0.355 0.052 -2.604 10
0.517 0.357 0.62 10
0.207 1.088 4.17 10
-0.416 1.514 6.985 10
-0.65 0.492 8.544 10
-1.059 -0.272 7.595 10
-1.565 -0.762 6.043 10
-1.598 -1.28 4.602 10
-1.042 -3.35 0.125 10
-0.722 -5.825 -5.747 10
-1.089 -1.605 -3.311 10
-0.162 0.675 0.312 10
0.965 1.857 3.065 10
1.084 3.568 2.965 10
0.752 4.857 0.617 10
0.745 5.337 -1.426 10
1.188 5.725 -2.792 10
1.638 5.885 -4.202 10
1.276 5.478 -5.135 10
0.786 5.206 -3.811 10
0.837 5.418 -0.887 10
0.9 4.815 1.872 10
0.904 4.437 4.374 10
1.297 3.968 4.109 10
1.727 3.709 2.604 10
1.985 3.381 0.094 10
1.89 3.267 -1.251 10
1.684 3.087 -1.729 10
1.524 2.976 -2.228 10
1.406 2.799 -2.117 10
1.231 2.726 -1.475 10
1.03 2.678 -0.982 10
0.651 2.444 -1.22 10
0.259 2.191 -1.512 10
-0.033 1.955 -1.938 10
-0.211 1.647 -2.012 10
-0.319 1.388 -2.043 10
-0.063 1.249 -1.89 10
0.468 0.822 -1.787 10
1.197 0.128 -2.126 10
2.077 -0.798 -3.042 10
3.205 -1.537 -4.152 10
4.531 -2.003 -5.908 10
5.827 -2.674 -8.239 10
6.762 -3.346 -10.122 10
6.956 -3.976 -8.144 10
4.752 -2.906 0.745 10
0.372 -0.125 8.187 10
-4.293 0.938 4.843 10
-6.027 -2.301 -2.183 10
-4.097 -9.207 -6.265 10
-3.377 -12.389 -3.639 10
-4.039 -11.159 -0.732 10
-2.73 -9.638 4.339 10
-1.112 -3.907 5.06 10
-0.165 0.611 3.028 10
0.626 2.653 2.734 10
1.064 3.654 3.262 10
1.319 3.927 3.074 10
1.454 3.551 2.456 10
1.292 2.351 2.297 10
0.757 0.617 2.636 10
0.061 -1.021 2.682 10
-0.737 -2.255 2.724 10
-1.525 -3.426 2.917 10
-2.269 -4.842 3.186 10
-2.62 -5.59 2.979 10
-2.694 -3.893 2.561 10
-2.252 -2.133 3.347 10
-1.561 -0.463 3.047 10
-1.095 1.228 2.354 10
-0.959 2.166 2.481 10
-1.036 2.561 2.578 10
-1.105 2.555 2.501 10
-1.382 2.161 1.983 10
-1.752 1.419 0.035 10
-2.172 0.691 -1.881 10
-2.239 -0.127 -2.623 10
-1.937 -0.295 -2.447 10
-1.416 -0.119 -2.539 10
-0.731 0.469 -2.509 10
0.039 1.336 -2.146 10
0.595 2.625 -2.052 10
0.915 3.483 -1.717 10
1.332 3.582 -1.132 10
1.69 3.483 -0.622 10
1.797 3.634 -0.12 10
1.651 3.659 0.365 10
1.443 3.163 0.501 10
0.859 2.123 0.442 10
0.368 0.739 0.622 10
0.15 -0.593 0.827 10
0.135 -1.602 1.158 10
0.173 -2.037 1.619 10
0.259 -2.419 1.819 10
0.208 -2.772 1.612 10
-0.174 -3.158 1.131 10
-0.57 -3.308 0.837 10
-1.039 -3.572 0.891 10
-1.34 -3.99 1.414 10
-1.482 -4.057 1.867 10
-1.067 -3.478 1.594 10
-0.124 -2.829 0.633 10
0.37 -2.33 -0.489 10
0.247 -1.873 -1.242 10
-0.389 -1.919 -1.264 10
-0.893 -2.744 -0.422 10
-1.148 -3.762 0.386 10
-1.482 -4.394 0.847 10
-1.678 -4.808 1.823 10
-1.691 -4.379 2.218 10
-2.005 -3.122 1.307 10
-2.451 -1.362 -0.116 10
-2.904 -0.131 -1.354 10
-3.139 0.484 -2.287 10
-2.791 0.85 -3.377 10
-1.624 1.256 -4.651 10
-0.177 1.234 -5.514 10
0.969 0.688 -5.488 10
1.639 0.292 -4.517 10
1.768 -0.228 -3.358 10
1.212 -0.498 -2.772 10
0.789 -0.31 -1.909 10
0.52 0.504 0.22 10
0.029 2.117 3.344 10
-0.499 3.431 8.991 10
-0.768 3.691 9.273 10
-0.76 3.055 7.82 10
-0.779 2.775 6.159 10
-0.813 2.498 5.422 10
-0.611 2.093 3.751 10
-0.119 3.064 2.66 10
0.504 0.87 -2.457 10
1.479 -1.819 -5.866 10
1.892 -1.085 -1.84 9
2.547 -0.089 1.652 11
3.051 1.703 2.228 10
2.901 4.075 0.075 10
2.3 5.71 -1.906 10
1.596 7.053 -2.732 10
0.333 6.563 -4.381 10
-0.32 5.441 -3.891 10
-0.331 4.733 -1.744 9
-0.427 4.303 0.223 10
-0.134 3.597 1.614 11
0.49 2.194 0.935 10
1.062 0.915 -1.321 10
1.447 0.065 -2.878 10
1.587 -0.424 -3.15 9
1.411 -0.433 -2.818 10
1.149 -0.476 -2.303 11
1.189 -0.351 -1.849 10
1.242 0.166 -2.095 10
1.17 0.96 -2.618 10
0.975 1.553 -2.718 10
0.843 1.932 -2.395 10
0.888 2.075 -2.396 10
0.954 1.937 -2.484 10
1.264 1.734 -2.563 9
1.715 1.604 -2.643 11
2.336 1.357 -2.939 10
3.18 1.213 -2.895 10
3.733 0.755 -2.649 10
3.937 0.042 -3.125 10
4.026 -0.953 -4.933 10
4.58 -1.805 -7.378 10
5.079 -2.116 -5.589 10
3.054 -0.198 4.398 10
-0.767 2.51 10.104 10
-3.725 4.293 7.24 10
-5.74 5.915 1.776 10
-6.243 5.444 -6.951 10
-4.55 -5.847 -12.263 10
-4.483 -14.278 -7.383 10
-4.569 -13.436 7.275 10
-6.155 -12.093 9.779 10
-3.505 -10.883 9.646 10
0.689 -8.2 9.922 10
1.895 0.048 6.405 10
2.439 5.413 1.92 10
2.962 8.475 -0.719 10
3.002 9.722 -1.767 10
2.322 8.836 -1.694 10
1.547 6.806 -0.585 10
0.522 3.548 1.136 10
-0.357 0.392 2.513 10
-1.011 -3.12 2.805 10
-2.521 -8.712 3.585 10
-3.881 -11.874 3.64 10
-4.329 -10.928 2.991 10
-3.767 -9.741 3.071 10
-2.58 -5.827 3.445 10
-1.632 -1.513 4.195 10
-0.305 1.56 3.681 10
0.465 3.291 2.408 10
0.738 4.014 1.443 10
0.81 4.155 0.824 10
0.764 3.834 0.001 10
0.325 2.813 -1.558 10
-0.31 1.489 -3.635 10
-0.408 0.504 -4.073 10
0.141 -0.166 -3.217 10
0.652 -0.71 -2.422 10
1.07 -0.527 -1.99 10
1.463 0.292 -1.524 10
1.48 1.918 -1.388 10
1.573 2.777 -0.715 10
1.511 3.232 -0.652 10
1.023 2.909 -0.483 10
0.438 2.308 -0.039 10
-0.122 1.784 0.128 10
-0.627 1.062 0.426 10
-1.012 0.336 0.641 10
-0.954 -0.464 0.957 9
-0.945 -1.323 1.111 11
-0.755 -2.216 1.37 10
-0.257 -2.977 1.681 10
0.009 -3.024 2.048 10
-0.026 -2.601 2.213 10
-0.566 -1.961 1.742 10
-1.32 -1.662 0.973 10
-1.739 -2.194 0.919 10
-1.582 -2.853 1.439 10
-0.761 -3.947 1.14 20
-0.219 -4.026 -0.016 10
0.207 -4.055 -1.006 10
0.462 -3.856 -1.767 10
0.571 -3.522 -1.883 10
0.367 -3.153 -1.229 10
-0.099 -2.717 -0.193 10
-0.805 -2.712 0.825 10
-1.474 -3.027 1.096 10
-1.766 -3.026 0.762 10
-1.977 -2.18 0.203 10
-1.961 -0.799 -0.333 10
-2.264 0.091 -1.188 10
-2.521 0.555 -2.198 10
-2.122 1.112 -3.159 10
-1.186 1.173 -4.222 10
-0.179 0.616 -4.575 10
0.717 0.011 -4.083 10
1.292 -0.101 -3.141 10
1.628 -0.272 -2.456 10
1.594 0.039 -1.521 10
1.262 0.612 1.035 10
0.524 1.267 3.991 10
-0.07 1.545 6.178 10
-0.417 1.442 7.172 10
-0.401 0.712 7.437 10
-0.033 0.554 6.426 10
0.262 0.68 5.344 10
0.158 0.758 3.827 10
0.108 -0.325 -1.838 10
-0.1 0.163 -2.637 10
-0.193 1.069 -0.339 10
0.023 1.212 1.082 10
0.15 1.78 1.74 10
0.213 2.576 1.851 10
0.269 3.181 1.045 10
0.345 3.655 -0.351 10
0.587 4.117 -2.014 10
0.907 4.645 -2.942 10
1.161 5.172 -3.682 10
1.183 5.637 -4.141 10
0.944 5.556 -3.623 10
0.582 4.871 -1.804 10
0.507 4.306 0.469 10
0.559 3.901 1.914 10
0.805 3.528 2.162 10
1.13 3.012 0.86 10
1.292 2.599 -1.104 10
1.387 2.425 -2.33 10
1.429 2.148 -2.571 10
1.235 1.838 -2.46 10
1.025 1.491 -2.206 10
0.957 1.066 -2.149 10
1.008 0.563 -2.322 10
1.226 0.386 -2.65 10
1.457 0.571 -3.178 10
1.569 1.014 -3.644 10
1.542 1.386 -3.823 10
1.5 1.368 -3.656 10
1.824 1.051 -3.601 10
2.451 0.325 -3.861 10
3.284 -0.663 -4.621 10
4.3 -1.933 -5.693 10
5.042 -2.869 -4.521 10
4.589 -2.401 1.447 10
2.26 -0.006 4.62 10
-1.413 -0.074 1.357 10
-3.883 -4.299 -2.88 10
-3.676 -9.583 -2.041 10
-3.592 -12.4 4.722 10
-5.026 -11.272 1.724 10
-4.161 -10.145 3.31 10
-1.435 -7.794 7.064 10
0.147 -1.533 4.72 10
0.847 2.86 1.843 10
0.728 4.996 0.245 10
0.319 5.487 0.083 10
0.02 4.878 0.454 10
-0.197 3.477 0.874 10
-0.427 1.233 1.252 10
-0.849 -1.346 1.558 10
-1.316 -3.556 1.85 10
-1.822 -5.467 2.027 10
-2.519 -6.023 1.609 10
-2.543 -5.206 1.844 10
-2.125 -3.056 2.298 10
-1.921 -0.983 2.533 10
-1.513 0.441 2.728 10
-0.888 1.673 2.541 10
-0.463 2.557 2.563 10
-0.391 2.62 2.548 10
-0.343 2.125 2.491 10
-0.102 1.818 2.466 10
-0.005 1.602 1.616 10
-0.074 1.502 0.032 10
-0.144 1.421 -2.09 10
0.085 1.33 -3.096 10
0.49 0.93 -2.873 10
0.691 0.346 -2.068 10
1.01 0.725 -1.525 10
1.202 1.678 -1.373 10
1.314 2.639 -1.46 10
1.355 3.134 -2.038 10
1.409 2.984 -1.386 10
1.277 2.66 -0.601 10
0.735 2.385 -0.627 10
-0.13 1.845 -1.029 10
-0.876 0.945 -0.814 10
-1.314 0.178 -0.319 10
-1.674 -0.571 0.126 10
-1.954 -1.411 0.734 10
-2.302 -2.459 1.229 10
-2.253 -3.739 1.313 10
-1.743 -4.804 1.147 10
-0.724 -4.97 1.032 10
0.606 -4.077 1.145 10
1.493 -2.781 1.521 10
1.689 -1.839 1.852 10
1.503 -1.423 1.77 10
0.895 -1.203 0.869 10
0.435 -1.048 -0.458 10
0.331 -1.064 -1.162 10
0.315 -1.371 -0.83 10
0.249 -1.846 0.183 10
0.224 -2.359 1.354 10
0.124 -2.821 2.166 10
-0.284 -2.815 1.889 10
-0.634 -2.396 0.907 10
-0.666 -1.923 -0.139 10
-0.427 -1.61 -0.944 10
-0.47 -1.311 -1.72 10
-1.13 -1.309 -2.298 10
-2.137 -1.54 -1.853 10
-2.794 -0.645 -0.952 10
-3.583 0.315 -0.615 10
-4.001 1.102 -1.123 10
-3.368 1.268 -2.519 10
-1.885 1.003 -4.223 10
-1.033 0.67 -5.352 10
-0.016 0.603 -4.446 10
0.976 0.422 -2.657 10
1.74 0.078 -1.245 10
2.351 -0.187 0.757 10
2.572 0.287 3.44 10
2.444 1.749 5.492 10
1.778 2.342 6.287 10
1.057 2.107 5.969 10
0.572 1.535 4.863 10
0.239 0.761 3.567 10
-0.215 -0.34 1.969 10
-0.616 -2.228 -1.64 9
-0.623 -2.85 -3.105 11
-0.569 -2.479 -2.2 10
-0.633 -1.05 -0.799 10
-0.587 0.726 0.487 10
-0.425 2.127 1.498 10
-0.468 2.647 2.262 10
-0.809 2.77 1.829 10
-1.047 2.666 -0.965 10
-0.572 2.83 -2.17 10
0.165 3.116 -2.065 10
0.812 3.468 -1.557 10
1.377 3.888 -1.108 10
1.688 4.361 0.097 10
1.709 4.735 0.535 10
1.572 4.822 0.775 10
1.363 4.314 0.921 10
1.253 3.675 0.829 10
1.326 3.161 -0.21 10
1.374 2.587 -1.085 10
1.306 2.052 -1.382 10
1.347 1.838 -1.269 10
1.299 1.758 -1.099 10
1.221 1.909 -1.093 10
0.96 2.227 -1.681 10
0.425 2.383 -2.539 10
-0.117 2.593 -3.147 10
-0.338 2.886 -3.548 10
-0.011 3.131 -3.796 10
0.851 3.111 -3.951 10
1.783 2.559 -4.03 10
2.346 1.544 -3.713 10
2.758 0.657 -3.186 10
3.068 0.04 -2.282 10
3.166 -0.601 -1.7 10
3.005 -1.049 -1.211 10
2.782 -1.35 -0.788 10
1.995 -1.533 -1.356 10
1.502 -1.302 -1.772 10
1.594 -0.983 -2.637 10
2.063 -0.901 -4.235 10
2.788 -1.311 -7.13 10
3.655 -2.111 -6.926 10
2.454 -1.279 1.532 10
-1.35 1.692 8.007 10
-4.258 3.798 8.464 10
-6.366 5.711 4.274 10
-8.574 7.743 -4.238 10
-6.992 -0.865 -11.347 10
-6.0 -10.423 -11.126 10
-3.78 -14.415 2.07 10
-3.488 -12.999 12.154 10
-3.337 -11.699 13.231 10
-0.538 -10.529 9.469 10
2.885 -9.467 6.462 10
4.018 -4.151 3.532 10
4.228 2.728 2.403 10
4.366 6.945 1.395 10
4.007 8.776 -0.734 10
2.744 8.588 -2.152 10
1.513 7.083 -1.135 10
0.276 4.323 0.15 10
-0.208 1.831 0.962 10
-0.825 -0.825 2.616 10
-1.828 -3.44 2.957 10
-2.835 -5.458 2.205 10
-3.689 -6.032 1.605 10
-4.01 -5.377 1.729 10
-3.945 -4.779 1.978 10
-3.447 -3.888 2.556 10
-2.447 -2.284 2.326 10
-1.358 -0.478 1.757 10
-0.61 0.819 1.694 10
0.045 1.969 1.473 10
0.049 2.652 0.386 10
-0.205 2.938 -1.126 10
-0.434 2.498 -2.142 10
-0.425 1.912 -2.35 10
-0.219 1.333 -2.322 10
0.069 0.682 -1.823 10
0.364 0.209 -0.753 10
0.595 -0.268 0.322 10
0.82 -0.276 1.427 10
1.039 0.035 1.931 10
1.116 0.489 2.013 10
1.125 0.914 1.743 10
0.875 1.365 0.75 10
0.52 1.237 -0.514 10
0.046 0.864 -1.212 10
-0.191 0.157 -1.099 10
-0.137 -0.436 -0.231 10
0.1 -0.745 0.713 10
0.426 -0.835 1.452 10
0.659 -0.932 1.884 10
0.671 -1.011 1.877 10
0.552 -1.125 1.465 10
0.333 -1.323 0.974 10
-0.001 -1.475 0.514 10
-0.397 -1.543 -0.226 10
-0.995 -1.518 -1.392 10
-1.404 -1.116 -2.15 10
-1.255 -0.599 -2.15 10
-0.604 -0.177 -1.547 10
0.119 -0.211 -0.763 10
0.685 -0.466 0.053 10
1.064 -0.557 0.694 10
1.173 -0.346 0.763 10
0.953 0.23 0.092 10
0.469 0.526 -1.097 10
-0.387 0.137 -2.16 10
-1.141 -0.703 -2.314 10
-1.613 -1.167 -1.833 10
-1.469 -1.49 -1.167 10
-0.676 -2.177 0.199 10
0.322 -2.743 2.334 10
0.841 -3.133 3.574 10
0.861 -2.811 3.458 10
0.602 -1.711 2.345 10
0.145 -0.729 0.688 10
-0.153 -0.544 -0.578 10
-0.111 -0.585 -0.485 10
0.002 -0.587 0.372 10
-0.057 -1.054 0.766 10
-0.121 -1.776 0.957 10
-0.091 -1.788 1.223 10
-0.091 -1.462 1.609 10
0.167 -0.92 2.284 10
0.444 -0.164 2.211 10
0.658 0.412 1.395 10
0.825 0.56 0.29 10
1.182 0.401 -0.152 10
1.77 -0.242 -0.8 10
2.895 -0.907 -1.573 10
3.967 -0.885 -2.252 10
3.743 -0.486 -1.535 10
2.61 1.363 0.375 10
1.306 3.51 0.76 10
0.348 4.056 0.71 10
-0.513 4.003 0.354 10
-1.272 3.672 0.526 10
-2.197 3.167 1.292 10
-2.916 2.945 3.05 10
-3.409 3.099 4.279 10
-3.128 3.392 4.101 10
-2.385 3.622 2.803 10
-1.491 3.346 1.032 10
-0.842 2.942 -0.708 10
-0.646 2.519 -1.508 10
-0.848 2.06 -1.857 10
-1.332 1.509 -2.231 10
-1.923 0.91 -2.56 10
-2.446 0.5 -2.528 10
-2.762 0.424 -2.301 10
-2.727 0.545 -2.071 10
-2.523 0.939 -2.07 10
-2.029 1.466 -2.286 10
-1.275 1.931 -2.445 10
-0.69 1.936 -2.562 10
-0.268 1.113 -2.668 10
0.154 -0.48 -2.763 10
0.553 -2.699 -2.823 10
0.92 -4.868 -2.937 10
1.483 -6.587 -2.954 10
2.369 -6.92 -2.305 10
3.218 -5.797 -1.6 10
3.473 -3.795 -2.061 10
3.436 -2.131 -3.837 10
3.394 -1.134 -5.686 10
3.046 -0.245 -6.419 10
2.483 0.503 -5.01 10
1.597 0.944 -2.466 10
0.515 0.729 0.702 10
-0.182 0.406 3.355 10
-0.655 -0.125 4.459 10
-1.15 -0.311 5.409 10
-1.586 0.487 7.109 10
-2.367 0.291 7.872 10
-3.234 -0.538 6.473 10
-3.764 -1.209 4.179 10
-3.353 -4.682 -2.133 10
-2.414 -2.447 0.949 10
0.162 1.064 3.466 10
2.232 3.086 1.783 10
1.466 4.519 -0.988 10
-0.369 4.411 0.851 10
-0.875 2.16 3.782 10
-1.081 -0.201 4.43 10
-1.49 -1.896 3.711 10
-1.867 -2.706 2.909 10
-1.93 -2.78 2.066 10
-1.608 -2.054 0.661 10
-0.904 -0.857 -0.585 10
-0.193 -0.03 -1.405 10
0.532 0.403 -2.023 10
1.074 0.509 -2.372 10
1.509 0.587 -1.971 10
1.669 0.865 -1.61 10
1.485 1.114 -1.734 10
1.215 1.33 -1.957 10
0.964 1.43 -1.27 10
0.799 1.321 -0.1 10
0.685 1.267 0.909 10
0.788 1.149 1.62 10
0.916 1.12 2.026 10
0.876 0.93 1.772 10
0.478 0.665 1.06 10
-0.06 0.469 0.42 10
-0.416 0.413 -0.087 10
-0.676 0.398 -0.44 10
-0.875 0.427 -0.629 10
-0.995 0.436 -0.523 10
-1.093 0.203 -0.246 10
-1.079 -0.136 0.183 10
-0.885 -0.346 0.811 10
-0.65 -0.329 1.186 10
-0.335 -0.218 1.49 10
0.0 -0.136 1.643 10
0.267 -0.174 1.496 10
0.352 -0.458 1.268 10
0.265 -0.8 1.055 10
0.109 -1.151 0.984 10
-0.03 -1.519 0.92 10
0.015 -1.608 0.673 10
0.367 -1.568 0.407 10
0.778 -1.575 0.022 10
1.312 -1.555 -4.513 10
2.56 -1.882 -13.974 10
3.33 -1.694 -10.353 10
3.264 -1.662 -4.456 10
2.662 -2.289 -0.511 10
2.327 -2.327 0.823 10
2.189 -1.095 -0.06 10
1.297 -0.451 -0.743 10
0.375 -1.233 0.796 10
0.415 -2.644 3.353 10
0.528 -3.086 3.992 10
0.915 -2.338 3.153 10
1.401 -1.104 1.881 10
1.399 0.332 -0.444 10
1.112 1.316 -0.399 10
0.096 1.374 1.139 10
-1.162 0.194 1.844 10
-2.141 -0.385 1.996 10
-2.608 -0.372 1.719 10
-2.976 -0.688 0.969 10
-3.264 -1.395 0.364 10
-3.636 -2.299 0.129 10
-3.79 -2.974 0.245 10
-3.143 -2.599 0.135 10
-1.976 -1.235 0.035 10
-0.959 -0.112 0.712 10
0.342 0.226 1.555 10
1.549 -0.856 1.494 10
2.429 -2.132 1.112 10
3.254 -3.16 2.388 10
3.394 -2.215 2.83 10
2.288 0.436 1.711 10
1.076 1.806 -0.226 10
0.133 2.306 -0.212 9
-0.888 2.541 0.343 11
-1.79 2.795 0.188 10
-2.301 3.679 1.22 10
-2.355 4.406 1.564 9
-2.335 5.086 0.813 10
-2.179 5.379 -0.621 11
-2.116 5.444 -2.067 10
-2.086 5.727 -3.326 10
-2.084 5.784 -4.045 10
-1.875 5.567 -4.14 9
-1.472 5.166 -3.795 11
-0.946 4.761 -3.777 10
-0.308 4.035 -3.882 10
0.273 3.338 -4.235 10
0.849 2.703 -4.699 10
1.264 2.346 -4.738 10
1.474 1.922 -4.204 10
1.619 1.635 -3.309 10
2.121 1.394 -2.099 10
2.84 1.263 -1.829 10
3.987 1.464 -2.12 10
5.182 1.43 -2.408 10
6.026 1.192 -2.158 10
6.337 0.814 -2.063 10
5.996 0.457 -2.305 10
4.181 -0.071 -2.445 10
2.729 -0.02 -2.476 10
2.042 -0.053 -2.806 10
1.734 -0.168 -3.586 10
1.087 -0.462 -3.442 10
-0.072 -0.536 -0.633 10
-2.375 0.585 3.678 10
-5.982 2.406 4.871 10
-9.96 3.165 1.548 10
-10.274 -2.563 -5.036 10
-5.549 -11.288 -12.419 10
-1.314 -12.779 -9.513 10
1.652 -11.32 7.9 10
2.935 -5.646 14.97 10
2.461 -1.41 9.801 10
1.654 -0.26 4.434 10
1.79 0.385 2.974 10
2.163 1.071 2.874 10
2.059 1.67 2.397 10
1.723 1.357 3.088 10
1.008 -0.235 3.374 10
-0.247 -2.633 2.451 10
-1.506 -4.214 2.249 10
-2.243 -4.491 2.662 10
-2.467 -3.404 2.128 10
-2.341 -1.555 1.527 10
-2.167 0.108 0.857 10
-1.907 1.295 0.642 10
-1.561 1.984 0.69 10
-1.302 2.475 0.845 10
-1.068 2.719 1.011 10
-0.754 2.688 1.28 10
-0.472 2.488 1.385 10
-0.175 1.714 1.126 10
0.135 0.732 0.194 10
0.38 -0.099 -0.221 10
0.256 -0.528 -1.216 10
0.032 -0.596 -3.525 10
0.141 -0.666 -3.862 10
0.385 -0.918 -2.691 10
0.407 -1.248 -1.534 10
0.538 -0.994 -0.553 10
0.803 -0.179 0.208 10
0.87 1.113 0.325 10
0.895 1.459 0.034 10
0.84 1.52 -0.52 10
0.644 1.264 -1.477 10
0.527 0.603 -2.182 10
0.354 0.388 -2.49 10
0.431 0.108 -1.818 10
0.594 -0.169 -0.309 10
0.836 -0.842 1.376 10
1.011 -1.352 2.591 10
1.083 -1.605 3.315 10
1.043 -2.005 3.707 10
0.396 -2.321 3.448 10
-0.634 -2.184 2.492 10
-2.001 -1.569 1.363 10
-2.973 -0.895 0.313 10
-3.219 -0.65 -0.596 10
-2.949 -0.611 -1.114 10
-2.507 -0.584 -1.347 10
-2.084 -0.664 -1.506 10
-1.626 -0.89 -1.726 10
-1.351 -1.534 -2.01 10
-1.009 -2.251 -1.929 10
-0.52 -2.862 -1.409 10
0.16 -3.584 -0.329 10
0.868 -3.976 0.427 10
1.471 -3.621 0.919 10
1.936 -2.44 1.629 10
1.94 -1.093 1.733 10
1.194 -0.484 0.948 10
0.092 -0.271 0.137 10
-0.683 0.065 -0.453 10
-1.106 0.515 -1.381 10
-1.392 0.869 -2.631 10
-1.511 1.075 -4.014 10
-1.567 1.364 -5.086 10
-1.746 1.443 -5.224 10
-1.675 1.29 -3.288 10
-1.482 1.204 0.143 10
-1.454 0.653 3.731 10
-1.559 0.372 7.228 10
-1.42 0.774 8.78 10
-0.649 0.835 8.756 10
0.924 0.467 9.147 10
1.788 0.118 7.474 10
2.195 -2.185 2.813 10
2.001 -6.173 -7.844 10
0.965 -2.125 -3.811 10
1.619 0.215 0.552 10
2.206 1.995 3.41 10
1.529 3.511 2.362 10
0.531 4.323 -0.916 10
-0.383 4.942 -3.091 10
-1.361 5.517 -3.627 10
-1.191 5.732 -3.669 10
-0.425 5.443 -3.061 10
0.556 5.278 -1.651 10
1.457 5.13 0.15 10
2.242 4.806 1.713 10
2.862 4.489 1.05 10
3.473 4.101 0.031 10
3.66 3.716 -0.893 10
3.268 3.155 -0.924 10
2.51 2.529 -0.539 10
1.518 1.863 -0.2 10
0.642 1.547 -0.456 10
0.112 1.599 -0.626 10
-0.131 1.922 -1.098 10
-0.187 2.298 -1.66 10
-0.202 2.499 -2.546 10
-0.251 2.327 -3.403 10
-0.148 1.965 -3.778 10
0.116 1.338 -3.874 10
0.569 0.575 -4.125 10
1.211 0.103 -4.703 10
2.287 -0.199 -5.336 10
3.817 -0.558 -6.147 10
5.254 -1.218 -7.627 10
5.97 -2.087 -6.037 10
4.605 -1.404 2.496 10
1.18 0.761 6.004 10
-2.393 1.788 1.74 10
-4.3 1.023 -3.742 10
-3.206 -5.207 -4.049 10
-2.351 -10.53 3.259 10
-3.15 -12.778 6.545 10
-4.189 -11.638 4.14 10
-3.235 -10.474 6.028 10
-0.938 -9.203 7.381 10
0.698 -3.869 3.876 10
1.498 1.378 1.601 10
1.65 4.196 0.976 10
1.735 5.027 0.568 10
1.751 4.308 0.356 10
1.516 2.49 0.389 10
0.993 0.327 0.738 10
0.067 -1.213 0.931 10
-0.887 -2.065 1.226 10
-1.635 -2.678 1.715 10
-2.186 -2.824 1.966 10
-2.459 -2.533 1.959 10
-2.523 -0.84 3.099 10
-2.271 0.484 2.703 20
-1.94 1.625 1.984 10
-1.677 2.256 1.639 10
-1.329 2.582 1.389 10
-0.894 2.556 0.587 10
-0.667 1.947 -1.005 10
-0.953 1.166 -2.491 10
-1.229 0.662 -3.319 10
-1.131 0.061 -2.444 10
-0.57 -0.246 -1.562 10
-0.108 -0.057 -1.345 10
0.54 0.628 -1.107 10
0.908 0.867 -0.996 10
1.136 1.323 -0.423 10
1.333 1.915 -0.372 10
0.872 2.31 -0.274 10
0.138 1.699 -0.264 10
-0.693 1.15 -0.125 10
-1.107 0.432 0.291 10
-1.237 -0.231 0.874 10
-1.2 -1.13 1.39 10
-1.123 -1.939 1.759 10
-0.39 -2.762 2.057 10
0.467 -3.693 2.369 10
1.179 -3.987 2.39 10
1.578 -3.614 1.6 10
1.644 -3.244 0.63 10
1.144 -3.29 -0.363 10
0.253 -3.651 -0.982 10
-0.719 -3.76 -1.229 10
-1.733 -3.918 -1.812 10
-2.37 -3.897 -1.89 10
-2.952 -4.093 -2.64 10
-3.579 -3.442 -3.272 10
-3.876 -1.883 -3.893 10
-3.626 -0.531 -3.185 10
-2.453 0.504 -1.599 10
-1.225 0.608 -0.224 10
-0.267 0.125 0.892 10
0.087 -0.421 1.147 10
0.112 -0.508 0.412 10
0.36 -0.492 -0.956 10
0.72 0.031 -1.213 10
0.984 1.57 1.139 10
1.006 3.042 3.74 10
0.544 4.091 5.349 10
0.153 2.958 6.029 10
-0.232 0.99 6.831 10
-0.191 -0.349 6.588 10
0.06 -0.642 4.938 10
0.183 -0.81 3.004 10
0.061 -3.487 -3.354 10
-0.297 -3.656 -4.027 10
0.033 -1.799 0.477 10
0.521 -0.3 2.627 10
0.158 1.608 1.511 10
-0.503 3.352 -0.932 10
-1.168 5.025 -1.511 10
-1.62 6.203 -1.42 10
-1.13 6.462 -1.536 10
-0.043 6.057 -1.529 10
1.339 5.443 -1.98 10
2.61 4.812 -2.187 10
3.788 3.96 -2.528 10
4.892 3.538 -3.137 10
5.204 3.693 -2.591 10
4.305 3.867 -0.841 10
2.883 3.738 0.716 10
1.293 3.235 -0.001 10
-0.025 2.739 -1.5 10
-0.203 2.948 -1.635 10
0.273 3.024 -1.669 10
0.53 2.773 -1.994 10
0.511 2.478 -2.174 10
0.409 2.472 -1.922 10
0.333 2.707 -1.773 10
0.265 2.902 -2.414 10
0.489 3.181 -2.922 10
0.819 3.061 -3.509 10
1.504 2.203 -3.822 10
2.448 0.423 -4.836 10
3.522 -1.394 -5.714 10
4.144 -2.082 -2.281 10
2.954 -0.417 2.988 10
0.581 0.244 3.318 10
-1.648 -0.883 0.16 10
-2.802 -4.759 -1.752 10
-3.151 -10.437 3.051 10
-4.129 -13.212 7.719 10
-5.276 -12.149 4.542 10
-5.11 -10.934 -0.453 10
-2.453 -9.487 3.272 10
0.136 -3.402 5.909 10
1.251 1.894 4.138 10
1.669 4.566 1.595 10
1.631 5.126 -0.46 10
1.546 3.846 -0.664 10
1.012 1.359 0.005 10
0.376 -1.259 0.815 10
-0.022 -4.158 1.328 10
-0.33 -6.948 1.402 10
-1.073 -7.943 2.968 10
-1.06 -7.536 3.266 10
-0.308 -5.093 2.026 10
0.153 -0.309 1.159 10
-0.103 2.979 0.923 10
-0.687 4.198 0.675 10
-1.092 4.451 0.116 10
-1.268 3.919 -0.454 10
-1.442 3.217 -0.745 10
-1.453 2.869 -0.86 10
-1.532 2.729 -0.619 10
-1.465 2.758 -0.592 10
-1.249 2.913 -1.17 10
-1.15 3.277 -2.208 10
-1.19 3.492 -3.056 10
-1.02 3.349 -3.483 10
-0.4 3.083 -2.764 10
0.906 2.646 -1.126 10
1.987 1.743 0.675 11
2.444 0.94 1.513 9
2.449 0.122 1.456 10
2.204 -0.415 1.0 10
1.734 -0.848 1.064 9
1.052 -1.47 1.251 10
-0.035 -2.098 1.134 10
-1.031 -2.966 1.003 10
-1.721 -3.617 1.015 10
-1.98 -3.506 1.181 10
-2.032 -3.189 1.037 10
-1.923 -2.879 1.071 10
-1.584 -3.039 1.438 10
-0.952 -3.218 1.182 10
-0.245 -3.103 0.185 10
0.322 -2.646 -0.591 11
0.695 -2.347 -1.23 10
0.798 -2.517 -1.952 10
0.657 -3.36 -2.119 9
0.419 -4.343 -1.614 11
0.36 -4.641 -0.918 10
0.238 -4.082 -0.05 10
-0.216 -2.769 0.548 9
-1.737 -1.639 0.433 11
-3.554 -0.035 -0.997 10
-4.483 0.657 -2.742 10
-3.776 0.496 -3.562 10
-2.192 0.041 -3.611 10
-0.921 -0.35 -3.681 10
0.084 -0.177 -3.071 10
0.989 -0.159 -2.867 10
1.709 -0.427 -2.374 10
2.124 -0.031 0.957 10
1.98 1.522 5.671 10
1.515 3.085 8.448 10
0.933 3.208 8.482 10
0.305 2.37 7.194 10
-0.164 1.366 5.38 10
-0.337 0.583 3.273 10
-0.597 -1.612 -0.88 10
-0.925 -1.848 -2.938 10
-1.237 -0.353 -2.162 10
-1.295 0.035 -0.118 10
-1.044 0.428 2.134 10
-0.776 1.721 2.532 10
-0.716 3.023 0.512 10
-0.722 4.212 -0.753 10
-0.606 5.023 -0.411 10
-0.33 5.788 0.0 10
0.159 6.459 -0.172 10
0.694 6.769 -0.818 10
1.418 6.532 -2.357 10
2.388 5.706 -3.052 10
3.295 4.498 -2.565 10
4.017 3.393 -2.499 10
4.262 2.416 -2.412 10
3.974 1.804 -1.318 10
3.257 1.442 -0.341 10
2.354 1.177 -0.005 10
1.024 0.749 -0.531 10
-0.026 0.847 -0.771 10
-0.488 1.365 -0.737 10
-0.603 1.961 -0.93 10
-0.655 2.213 -1.475 10
-0.451 2.337 -1.974 10
-0.044 2.258 -2.328 10
0.304 2.153 -3.017 10
0.403 2.248 -4.224 10
0.647 2.204 -5.267 10
1.168 1.949 -6.291 10
1.879 1.168 -7.214 10
2.484 0.103 -7.087 10
2.684 -0.449 -4.275 10
1.993 0.112 0.108 10
1.363 0.083 3.139 10
0.907 -1.751 2.679 10
0.842 -5.713 -0.881 10
0.965 -10.288 -0.81 10
0.662 -12.922 4.571 10
-0.464 -11.845 10.897 10
-2.339 -10.661 6.894 10
-2.114 -9.594 0.826 10
-0.377 -6.161 1.692 10
0.944 0.177 5.832 10
0.962 4.426 5.378 10
0.124 6.517 2.255 10
-0.758 6.632 -0.642 10
-1.191 5.728 -2.052 10
-1.451 4.336 -1.846 10
-1.702 2.342 -0.722 10
-1.971 -0.071 0.366 10
-2.481 -2.891 0.829 10
-3.371 -5.748 1.229 10
-3.861 -7.561 1.623 10
-3.363 -7.968 1.745 10
-2.544 -6.559 2.312 10
-1.41 -3.249 3.236 10
-0.407 0.126 2.852 10
0.477 2.889 2.722 10
1.145 4.755 2.372 10
0.72 5.098 0.704 10
-0.153 4.606 -1.357 10
-0.81 3.602 -2.833 10
-1.004 2.173 -3.36 10
-0.361 0.689 -2.722 10
0.303 -0.293 -2.243 10
0.756 -0.669 -1.915 10
1.189 -0.326 -1.146 10
1.716 0.171 -0.368 10
2.027 1.05 1.168 10
1.997 2.048 1.637 10
1.676 2.705 1.042 10
0.733 2.263 0.731 10
-0.15 0.855 0.494 10
-0.729 0.158 0.1 10
-1.087 -0.262 -0.504 10
-1.185 -0.572 -1.074 10
-1.067 -0.997 -1.061 10
-0.572 -1.596 -0.705 10
-0.23 -1.936 -0.109 10
-0.009 -2.087 0.436 10
0.189 -1.913 0.875 10
0.308 -1.696 1.037 10
-0.084 -1.604 0.787 10
-0.584 -1.598 0.346 10
-0.879 -2.085 -0.084 10
-0.67 -2.643 -0.369 10
-0.241 -2.965 -0.323 10
0.075 -3.177 -0.222 10
0.171 -3.359 -0.182 10
0.24 -3.575 -0.25 10
0.362 -3.674 -0.553 10
0.205 -3.6 -1.454 10
-0.107 -3.412 -2.093 10
-0.458 -3.036 -1.66 10
-0.99 -2.397 -0.804 10
-1.598 -1.476 0.336 10
-2.377 -0.811 0.595 10
-2.889 -0.144 -0.05 10
-3.031 0.783 -1.312 10
-2.582 1.705 -2.473 10
-1.418 2.491 -2.691 10
0.162 2.974 -1.69 10
1.378 2.634 0.099 10
1.688 2.344 2.399 10
1.295 2.308 4.391 10
0.856 1.776 5.667 10
0.804 0.883 6.023 10
1.12 -0.204 5.67 10
1.465 -1.218 3.871 10
1.525 -2.389 0.415 10
1.597 -3.159 -1.125 10
1.213 -3.515 -1.176 10
0.48 -3.241 -1.033 10
-0.179 -1.253 -0.171 10
-0.566 1.034 1.405 10
-0.665 2.215 3.764 10
-1.107 3.08 3.646 10
-1.556 3.582 -0.036 10
-1.763 4.103 -2.876 10
-1.104 4.942 -3.261 10
-0.269 5.758 -3.245 10
0.627 6.285 -3.472 10
1.332 6.545 -2.366 10
1.836 6.493 0.145 10
1.98 6.146 1.664 10
2.118 5.428 1.481 10
2.087 4.523 0.643 10
2.008 3.958 -0.231 10
1.755 3.39 -1.181 10
1.442 2.93 -1.649 10
1.065 2.525 -1.579 10
0.691 2.161 -1.413 10
0.303 2.031 -1.547 10
0.221 2.345 -1.789 10
0.492 2.843 -2.23 10
0.727 3.007 -3.093 10
1.12 2.99 -3.93 10
1.49 2.579 -4.83 10
2.031 1.52 -5.062 10
2.56 -0.01 -4.763 10
2.951 -1.724 -4.976 10
3.311 -2.853 -5.668 10
3.497 -3.24 -3.42 10
2.173 -1.606 3.497 10
-0.077 0.7 5.75 10
-2.018 1.888 3.495 10
-3.505 3.268 -1.801 10
-3.111 -1.204 -4.526 10
-2.818 -10.099 -1.789 10
-3.268 -13.717 6.068 10
-4.579 -12.432 7.048 10
-5.302 -11.189 -1.767 10
-0.143 -10.07 5.571 10
2.749 -5.443 8.246 10
2.776 1.918 3.017 10
2.145 6.045 -0.429 10
1.499 8.19 -1.705 10
0.979 8.551 -1.647 10
0.553 7.782 -1.275 10
-0.208 5.401 0.024 10
-0.859 2.715 1.4 10
-1.066 0.15 2.269 10
-1.598 -2.639 2.8 10
-2.308 -5.668 3.175 10
-2.845 -9.022 2.78 10
-3.319 -10.818 1.166 10
-3.314 -9.659 0.946 10
-1.905 -5.167 1.67 10
-0.086 -0.238 2.27 10
0.827 2.242 1.897 10
2.089 4.052 0.974 10
2.449 4.594 -0.7 10
1.618 3.98 -1.629 10
0.534 2.668 -1.311 10
-0.57 1.333 -1.068 10
-1.186 0.311 -1.03 10
-0.946 -0.003 -1.255 10
-0.455 -0.167 -1.379 10
-0.22 -0.193 -2.0 10
0.172 -0.294 -2.153 10
0.56 0.157 -1.817 10
0.693 0.77 -1.446 10
0.891 0.779 -0.853 10
0.914 0.598 -0.104 10
0.71 0.857 0.354 10
0.519 0.918 0.499 10
0.406 0.55 0.467 9
0.374 0.107 0.325 11
-0.119 0.114 0.198 10
-0.857 -0.069 0.1 10
-1.349 -0.847 0.401 10
-1.731 -1.469 0.895 10
-1.868 -1.779 1.116 10
-1.319 -1.954 1.392 10
-0.377 -2.293 1.597 10
0.065 -2.408 1.541 10
0.145 -2.064 1.059 10
-0.145 -1.789 0.531 10
-0.527 -1.601 0.331 10
-0.819 -1.493 0.281 10
-0.978 -1.585 0.236 10
-0.699 -1.892 0.238 10
-0.224 -2.142 0.214 10
0.245 -2.195 0.193 10
0.557 -2.001 0.251 10
0.863 -1.818 0.441 10
0.863 -1.792 0.475 10
-0.3 -1.811 0.117 10
-2.261 -1.285 -0.963 10
-3.758 -0.131 -2.254 10
-4.072 0.709 -2.994 10
-2.924 0.879 -3.272 10
-1.183 0.438 -3.436 10
0.02 -0.639 -3.015 10
0.871 -1.428 -2.412 10
1.939 -1.613 -0.671 10
3.159 -0.667 2.188 10
3.851 0.907 4.796 10
3.751 2.04 6.058 10
3.194 2.31 6.831 10
2.185 1.734 5.794 10
1.381 1.449 4.077 10
0.829 1.14 2.851 10
0.203 0.629 0.816 10
-0.394 -1.01 -3.359 10
-0.984 -2.529 -5.1 10
-1.299 -2.983 -4.685 10
-1.583 -2.219 -4.07 10
-2.795 -0.67 -2.189 10
-2.8 1.249 -2.72 10
-1.77 2.495 -2.81 10
-0.998 2.857 -1.52 10
-0.579 3.226 -1.015 10
-0.616 3.628 0.189 10
-0.675 3.937 1.799 10
-0.418 4.19 2.438 10
0.183 4.46 2.263 10
1.087 4.592 1.769 10
1.763 4.408 0.946 10
2.181 4.105 0.395 10
2.368 3.746 0.157 10
2.269 3.32 -0.013 10
2.042 2.867 -0.201 10
1.76 2.27 -0.302 10
1.403 1.716 -0.513 10
1.082 1.389 -0.608 10
0.793 1.198 -0.418 10
0.42 1.087 -0.281 10
-0.112 1.013 -0.227 10
-0.67 0.98 0.131 10
-1.163 1.012 0.436 10
-1.615 1.022 0.539 10
-1.954 0.894 0.649 10
-2.172 0.529 0.688 10
-2.308 -0.109 0.265 10
-2.112 -0.736 -0.501 10
-1.427 -1.145 -1.227 10
-0.422 -1.246 -1.88 10
0.792 -1.19 -2.425 10
1.91 -1.321 -2.777 10
2.823 -1.835 -2.852 10
3.514 -2.643 -2.989 10
4.171 -3.534 -3.302 10
4.849 -4.283 -3.67 10
5.329 -4.639 -4.139 10
5.486 -4.649 -4.63 10
4.678 -4.762 -4.469 10
3.288 -4.467 -3.324 10
1.917 -3.848 -1.517 10
0.242 -2.911 0.038 10
-0.746 -1.258 0.336 10
-0.973 0.737 -0.645 10
-1.634 2.077 -2.002 10
-2.953 2.283 -3.069 10
-3.675 1.201 -3.59 10
-3.609 -0.668 -2.757 10
-3.705 -2.282 1.638 10
-3.317 -2.364 8.033 10
-3.046 1.242 10.919 10
-2.664 5.151 9.275 10
-2.173 6.782 5.46 10
-1.404 5.518 2.337 10
-1.074 1.587 4.422 10
-0.88 -1.889 6.281 10
-0.413 -4.648 4.825 10
-0.122 -5.958 0.956 10
0.105 -5.681 1.515 10
0.379 -4.312 5.888 10
0.47 -4.251 7.885 10
0.173 -3.3 5.563 10
-0.128 -1.617 2.895 10
-0.296 -0.024 1.45 10
-0.611 0.736 0.185 10
-0.67 0.921 -0.298 10
-0.715 0.699 -0.613 10
-0.782 0.422 -1.319 10
-0.833 0.346 -2.437 10
-0.793 0.673 -3.865 10
-0.972 1.114 -5.961 10
-1.237 1.537 -6.115 10
0.308 1.409 -2.857 10
0.881 0.794 -0.011 10
0.965 1.482 1.488 10
0.843 2.756 0.857 10
0.465 3.428 0.418 10
0.108 3.525 0.255 10
-0.238 3.379 0.066 10
-0.567 3.171 -0.129 10
-1.097 2.897 -0.573 10
-2.056 2.547 -1.498 10
-2.186 1.663 -1.167 10
-1.433 0.764 -0.016 10
-0.695 0.049 0.967 10
-0.22 -0.498 1.465 10
0.042 -0.836 1.422 10
0.107 -1.14 1.288 10
0.062 -1.293 1.151 10
0.15 -1.215 0.967 10
0.376 -0.973 0.887 10
0.623 -0.893 0.816 10
0.802 -1.14 0.872 10
0.903 -1.569 0.931 10
0.942 -2.084 1.019 10
1.046 -2.238 1.003 10
1.157 -1.997 0.67 10
1.308 -1.633 -2.37 10
1.272 -1.737 -7.451 10
0.343 -2.236 -6.835 10
-0.147 -1.753 -3.867 10
0.229 -1.087 -1.601 10
0.775 -1.03 -0.855 10
1.257 -1.125 -0.614 10
1.726 -1.219 -0.398 10
2.373 -1.313 -0.28 10
2.747 -1.88 -0.209 10
2.981 -2.45 -0.326 10
3.2 -1.843 -1.104 10
3.173 -0.107 -1.855 10
2.407 1.04 -1.032 10
0.684 -0.045 0.699 10
-0.564 -1.523 3.198 10
-1.189 -2.914 4.766 10
-1.078 -3.191 5.418 10
-0.471 -1.717 6.092 10
0.058 -0.459 5.801 10
0.535 -0.482 5.006 10
1.007 -1.149 3.669 10
1.467 -2.715 0.501 10
1.897 -4.65 -3.108 10
1.475 -4.159 -2.97 10
0.586 -2.735 -1.509 10
-0.032 -1.177 -0.125 10
-0.218 -0.396 0.377 10
-0.248 -0.477 -0.177 10
-0.206 -0.541 -0.426 10
-0.789 0.977 0.486 10
-1.485 2.078 1.989 10
-2.302 2.258 2.91 10
-2.986 1.842 2.309 10
-3.557 1.27 1.889 10
-3.874 1.479 0.588 10
-3.538 1.667 0.486 10
-2.719 2.001 1.549 10
-1.869 2.447 1.816 10
-1.157 2.78 1.273 10
-0.869 2.984 -0.319 10
-0.851 3.324 -1.761 10
-1.24 3.715 -3.205 10
-1.788 3.55 -3.6 10
-2.497 3.868 -3.679 10
-2.98 3.61 -4.122 10
-3.544 3.18 -3.804 10
-3.465 2.776 -3.656 10
-2.739 2.438 -4.084 10
-1.784 2.125 -4.468 10
-0.658 1.818 -4.702 10
0.433 1.636 -4.62 10
1.346 1.602 -4.235 10
2.065 1.631 -3.26 10
2.625 1.606 -2.124 10
3.087 1.79 -0.929 10
3.468 2.137 -0.396 10
3.715 2.837 -0.529 10
3.956 3.518 -0.855 10
4.034 4.028 -1.364 10
4.122 4.375 -1.883 10
4.253 4.558 -2.324 10
4.517 4.473 -2.557 10
4.953 4.06 -2.698 10
5.173 3.154 -2.928 10
5.311 1.882 -2.583 10
5.185 0.599 -1.92 10
3.934 -0.718 -1.685 10
2.23 -1.396 -1.258 10
1.154 -1.825 -0.942 10
0.513 -2.505 -1.52 10
0.47 -3.34 -2.308 10
0.656 -4.256 -3.542 10
0.323 -5.614 -4.403 10
-0.838 -7.527 -5.281 10
-3.271 -9.161 -5.701 10
-7.089 -6.754 -0.994 10
-9.311 1.048 3.388 10
-7.414 8.278 0.153 10
-4.966 10.502 -2.386 10
-2.599 7.788 -0.277 10
-0.598 5.078 3.507 10
-0.219 3.312 6.682 10
-1.016 1.697 5.988 10
-1.751 -2.558 5.673 10
-2.006 -7.465 6.252 10
-1.926 -11.769 7.273 10
-1.096 -11.799 7.253 10
1.443 -10.619 6.045 10
4.186 -9.548 4.759 10
4.88 -4.922 2.827 10
4.598 0.595 1.156 10
3.794 4.009 0.179 10
2.708 5.573 0.161 10
1.152 5.619 -0.449 10
-0.272 4.583 0.181 10
-1.236 3.004 1.18 10
-1.897 1.592 1.45 10
-2.526 0.338 1.253 10
-2.937 -0.815 1.765 10
-3.221 -1.76 2.123 10
-3.304 -2.075 1.937 10
-3.094 -1.945 1.295 10
-2.75 -1.466 0.752 10
-2.302 -1.242 0.616 10
-1.598 -1.023 0.563 10
-0.576 -0.748 0.55 10
0.049 -0.096 0.9 10
0.165 0.87 -0.086 10
0.071 1.438 -0.654 10
0.296 1.665 -0.52 10
0.327 0.99 -1.166 10
0.648 0.365 -1.661 10
1.022 0.44 -2.598 10
0.98 0.267 -3.088 10
1.063 0.344 -2.53 10
0.983 0.878 -2.027 10
0.807 1.126 -1.022 11
0.562 1.014 0.268 9
0.222 0.438 0.991 10
-0.17 -0.579 1.065 10
-0.644 -1.391 0.803 10
-0.882 -1.924 0.731 10
-0.793 -1.861 0.822 10
-0.473 -1.477 1.033 10
-0.417 -0.838 1.231 10
-0.349 -0.461 1.366 10
-0.418 -0.173 1.333 10
-0.548 -0.104 1.096 10
-0.597 -0.344 0.892 10
-0.684 -0.758 0.63 10
-0.65 -1.147 0.541 10
-0.826 -1.532 0.487 10
-1.079 -2.034 0.473 10
-1.42 -2.399 0.503 10
-1.657 -2.832 0.504 10
-1.87 -3.428 0.273 10
-1.752 -4.128 -0.141 10
-1.112 -4.672 -0.929 10
-0.302 -4.765 -1.629 10
0.417 -4.374 -1.828 10
0.685 -3.463 -1.938 10
0.401 -2.513 -1.787 10
0.051 -1.452 -1.488 10
-0.238 -0.462 -0.934 10
-0.386 0.316 -0.668 10
-0.296 0.388 -1.523 10
-0.223 0.073 -2.957 10
0.091 -0.088 -3.696 10
0.47 0.152 -3.524 10
0.638 0.525 -1.198 10
0.462 1.386 2.438 10
0.356 2.118 5.771 10
0.329 2.415 7.969 10
0.977 1.639 9.853 10
1.87 0.759 8.566 10
2.054 -0.755 6.304 10
1.478 -2.05 3.122 10
1.192 -3.612 0.319 10
0.918 -3.957 -3.358 10
0.653 -1.924 -5.539 10
0.691 2.517 1.384 10
0.717 5.739 5.693 10
-0.578 6.044 4.486 10
-1.502 5.345 0.796 10
-1.705 5.241 -3.98 10
-0.208 5.113 -7.185 10
1.691 4.559 -8.026 10
2.789 4.258 -5.827 10
2.579 4.746 -2.788 10
1.847 4.935 0.308 10
1.162 5.372 1.717 10
0.52 6.059 1.347 10
0.373 6.565 -0.218 10
0.733 6.762 -2.282 10
1.495 7.059 -3.674 10
2.113 7.034 -4.194 10
2.229 6.141 -3.818 10
2.394 5.13 -2.884 10
2.818 4.126 -2.467 10
3.398 2.981 -2.556 10
3.825 1.493 -2.068 10
3.426 -0.017 0.258 10
1.583 -0.455 2.275 10
-0.763 -0.332 2.729 10
-2.626 -0.04 2.533 10
-3.648 -0.372 1.461 10
-3.835 -3.8 0.212 10
-3.667 -8.634 -0.222 10
-3.964 -12.563 1.773 10
-5.644 -13.436 3.173 10
-7.045 -12.092 -0.565 10
-5.082 -10.883 0.628 10
-1.376 -6.442 5.573 10
0.588 0.157 4.188 10
1.322 4.098 0.347 10
1.827 5.438 -0.522 10
1.989 5.29 -0.634 10
1.894 4.046 -0.717 10
1.084 1.736 -1.119 10
-0.084 -0.505 -1.171 10
-0.98 -2.73 -0.95 10
-1.589 -4.637 -0.381 10
-2.033 -5.57 0.733 10
-2.106 -5.504 2.349 10
-2.024 -4.971 3.243 10
-1.331 -3.646 3.514 10
-0.379 -1.687 2.93 10
0.443 -0.113 2.516 10
1.252 1.155 1.747 10
1.842 1.824 0.279 10
2.519 2.478 -1.032 10
2.535 2.687 -2.359 10
1.376 1.806 -3.252 10
0.161 0.143 -3.1 10
-0.104 -1.034 -1.678 10
0.267 -1.034 -1.277 10
0.439 0.094 -2.149 10
0.783 0.843 -2.253 10
0.834 1.569 -1.476 10
0.406 2.317 -1.01 10
-0.091 2.766 -1.141 10
-0.745 2.645 -1.191 10
-1.326 1.88 -0.813 10
-1.736 1.175 -0.43 10
-2.235 0.506 -0.422 10
-2.339 -0.449 0.223 10
-2.053 -1.567 1.287 10
-0.589 -2.393 2.123 10
0.641 -3.266 1.92 10
1.395 -3.206 0.9 10
1.437 -2.61 0.034 10
0.802 -2.047 -0.709 10
-0.053 -1.851 -1.044 10
-0.823 -2.062 -1.008 10
-1.301 -2.321 -1.114 10
-1.654 -2.279 -1.684 10
-1.954 -2.456 -2.282 10
-2.37 -3.296 -2.287 10
-2.995 -3.941 -1.179 10
-3.368 -3.581 0.412 10
-3.152 -2.163 1.586 10
-2.268 -0.852 1.522 10
-1.084 -0.336 0.879 10
-0.174 -0.242 0.049 10
0.42 -0.295 -1.342 10
1.033 -0.61 -3.087 10
1.731 -0.713 -3.218 10
1.627 0.418 -1.284 10
1.421 1.884 1.946 10
1.055 3.17 4.622 10
0.656 3.077 6.159 10
0.254 2.295 6.336 10
0.186 1.083 5.849 10
0.477 -0.792 4.911 10
0.43 -3.315 -0.001 10
-0.216 -4.837 -4.25 10
-0.513 -3.06 -1.963 10
0.037 -1.306 0.861 10
0.456 0.004 1.223 10
0.014 1.435 -1.363 10
-1.073 3.791 -2.813 10
-1.819 5.584 -2.971 10
-1.326 6.172 -3.381 10
-0.237 5.994 -1.758 10
0.923 5.687 0.425 10
1.788 5.343 2.054 10
2.557 5.179 1.47 10
3.482 4.739 1.124 10
4.185 4.316 0.538 10
4.491 4.255 0.156 10
4.042 4.183 0.02 10
2.801 3.911 -0.11 10
1.263 3.443 -1.004 10
0.231 3.193 -0.947 10
-0.334 3.167 -0.499 10
-0.455 3.134 -0.337 10
-0.091 3.14 -0.493 10
0.434 3.084 -0.848 10
0.917 2.897 -1.186 10
1.118 2.857 -1.671 10
1.075 3.157 -2.09 10
1.019 3.212 -2.596 10
1.271 2.46 -3.293 10
1.954 0.809 -4.153 10
2.827 -1.159 -5.617 10
3.613 -3.12 -5.994 10
4.2 -3.265 -2.594 10
2.995 -1.257 -2.377 10
1.144 -1.373 0.29 10
-0.736 -2.08 0.407 10
-1.748 -3.837 1.168 10
-2.28 -8.367 4.559 10
-3.724 -12.667 5.801 10
-5.8 -11.883 -0.639 10
-6.219 -10.694 5.182 10
-3.822 -9.53 5.094 10
-1.457 -3.699 2.413 10
-0.234 2.307 0.198 10
-0.357 6.127 -0.243 10
-0.451 5.515 -0.34 10
-0.466 4.911 0.245 10
-0.755 1.981 1.082 10
-1.335 -0.259 1.957 10
-2.106 -3.017 2.278 10
-2.792 -6.352 2.179 10
-2.84 -9.01 1.35 10
-2.694 -8.522 0.74 10
-2.209 -6.369 1.347 10
-0.678 -1.362 1.937 10
0.466 1.859 1.588 10
0.954 3.311 1.36 10
0.902 3.738 0.793 10
0.656 3.606 0.421 10
0.478 3.288 0.094 10
0.241 2.614 -0.466 10
0.174 2.034 -0.885 10
0.26 1.624 -1.055 10
0.596 1.599 -1.337 10
0.95 1.784 -1.85 10
1.441 2.097 -1.51 10
1.779 2.534 -1.35 10
1.938 2.608 -1.267 10
1.899 2.442 -0.95 10
1.735 2.309 -0.338 10
1.329 2.242 -0.123 10
0.679 1.561 -0.49 10
0.171 0.603 -1.165 10
-0.199 0.035 -1.704 10
-0.549 -0.201 -2.274 10
-0.468 -0.327 -1.754 10
-0.111 -0.613 -0.527 10
0.201 -1.06 0.904 10
0.517 -1.721 1.943 10
0.474 -2.127 2.507 10
0.659 -2.362 2.471 10
1.248 -2.764 1.836 10
1.606 -3.289 0.662 10
1.169 -3.718 -0.188 10
0.251 -4.157 -0.031 10
-0.678 -4.568 0.195 10
-1.645 -4.749 -0.013 10
-2.618 -4.55 -0.882 10
-3.278 -4.199 -2.337 10
-2.925 -3.986 -3.327 10
-2.106 -3.501 -3.46 10
-1.654 -2.573 -2.821 10
-1.454 -1.385 -1.72 10
-1.455 -0.393 -0.798 10
-1.56 0.0 0.091 10
-1.473 0.05 0.815 10
-1.239 -0.048 1.112 10
-0.969 -0.078 0.82 10
-0.613 0.006 -0.347 10
-0.164 0.342 -1.114 10
0.17 1.48 0.453 10
0.438 2.849 3.149 10
0.575 3.676 4.79 10
0.302 3.386 4.984 10
-0.081 1.952 5.028 10
-0.357 0.421 4.982 10
-0.02 -0.853 5.139 10
0.016 -1.724 4.203 10
-0.278 -3.905 -2.94 10
-1.267 -4.462 -7.472 10
-1.028 -1.939 -1.967 10
-0.512 0.323 2.09 10
-0.65 3.161 3.26 10
-1.326 4.396 2.331 10
-1.788 5.025 -0.349 10
-1.497 5.247 -1.564 10
-0.572 5.592 -1.675 10
0.579 5.542 -0.602 10
2.047 5.427 -0.24 10
3.462 5.151 -1.397 10
4.754 4.852 -1.163 10
5.278 4.703 -0.555 10
5.345 4.767 -0.258 10
4.767 4.98 -0.827 10
3.36 4.456 -0.977 10
1.343 3.243 -1.233 10
0.114 2.608 -1.058 10
-0.034 2.528 -0.883 10
0.063 2.353 -1.044 10
0.065 2.118 -1.285 10
0.067 1.889 -1.518 10
0.259 1.829 -1.608 10
0.509 2.12 -1.697 10
0.742 2.727 -2.156 10
1.056 3.299 -3.44 10
1.829 3.357 -5.553 10
3.051 2.349 -8.945 10
3.961 0.424 -10.584 10
3.85 -0.772 -5.277 10
1.448 1.071 2.111 10
-0.463 1.903 5.684 10
-1.977 1.592 2.331 10
-2.822 0.683 -1.219 10
-1.247 -6.305 7.357 10
-0.183 -13.984 13.06 10
-2.362 -13.844 0.997 10
-3.393 -12.459 -3.222 10
-0.227 -11.213 7.615 10
1.847 -9.437 5.276 10
3.032 -1.77 1.12 10
2.798 4.698 1.62 10
0.553 6.728 -0.791 10
-0.734 6.787 -2.418 10
-1.41 5.031 -1.763 10
-1.717 2.666 -0.345 10
-1.985 0.598 0.998 10
-2.674 -1.814 1.502 10
-3.769 -4.08 1.817 10
-4.426 -5.465 1.747 10
-4.466 -6.185 1.521 10
-4.123 -5.92 1.843 10
-3.547 -4.423 1.762 10
-2.503 -2.145 1.594 10
-0.942 0.439 1.469 10
0.728 2.093 1.159 10
1.138 2.349 -0.034 10
1.274 2.054 -1.116 10
1.457 1.547 -1.496 10
1.673 1.185 -1.381 10
1.739 0.756 -2.165 10
1.651 0.706 -2.448 10
1.581 0.989 -2.083 10
1.664 0.804 -1.185 10
1.739 1.129 -0.825 10
1.677 1.688 -1.139 10
1.397 2.036 -1.154 10
0.982 2.1 -0.935 10
0.582 1.907 -0.954 10
0.092 1.587 -1.1 10
-0.416 1.135 -1.205 10
-0.831 0.513 -0.74 10
-1.075 -0.322 0.264 10
-1.278 -0.867 1.048 10
-1.486 -1.297 1.779 10
-1.372 -1.745 2.575 10
-1.278 -2.225 3.205 10
-1.254 -2.891 3.609 10
-0.68 -3.584 3.489 10
0.094 -3.95 2.752 10
0.817 -4.037 1.546 10
1.175 -3.875 0.03 10
0.963 -3.651 -2.032 10
0.504 -3.545 -3.346 10
-0.123 -3.423 -3.649 10
-0.679 -3.029 -3.215 10
-1.059 -2.45 -2.101 10
-1.419 -2.541 -0.46 10
-1.906 -3.218 0.568 10
-2.224 -3.172 0.433 10
-2.208 -1.932 -0.971 10
-2.548 -0.662 -3.209 10
-2.896 -0.052 -5.0 10
-2.831 -0.142 -5.509 10
-1.996 -0.3 -4.087 10
-0.943 -0.244 -2.282 10
-0.064 0.331 -0.709 10
0.829 0.444 1.136 10
1.065 1.701 3.772 10
0.795 2.927 7.205 10
0.465 2.592 8.535 10
0.531 1.91 8.302 10
0.314 1.193 7.024 10
-0.044 1.22 5.339 10
0.002 0.262 2.935 10
0.321 -1.651 -0.375 10
0.409 -2.546 -2.328 10
0.377 -2.239 -3.061 10
0.848 -2.119 -2.358 10
0.866 -0.786 -0.941 10
0.599 1.825 0.367 10
-0.219 4.056 1.477 10
-1.171 5.4 1.553 10
-1.441 6.041 -0.342 10
-0.918 6.031 -1.325 10
0.052 5.902 -1.52 10
1.21 5.803 -1.592 10
2.124 5.878 -1.105 10
2.928 5.678 -0.271 10
3.471 5.257 -0.321 10
3.443 4.757 -0.823 10
2.513 4.247 -0.819 10
1.899 3.865 -0.685 10
1.201 3.323 -1.099 10
0.762 3.12 -1.42 10
0.763 3.11 -1.545 10
1.1 3.057 -1.425 10
1.404 2.889 -1.489 10
1.651 2.678 -1.573 10
1.84 2.367 -1.502 10
2.026 2.156 -2.119 10
2.401 2.078 -3.122 10
2.937 1.664 -4.379 10
3.341 0.859 -6.147 10
3.3 -0.286 -5.455 10
2.685 -0.119 -1.643 10
0.891 1.9 -0.444 10
-1.145 1.667 0.668 10
-2.194 -0.602 -1.44 10
-2.242 -5.024 -2.77 10
-2.207 -10.012 1.867 10
-3.46 -13.673 8.145 10
-5.441 -12.72 4.796 10
-5.121 -11.448 -1.095 10
-0.756 -10.303 5.435 10
2.111 -5.799 6.891 10
2.9 0.736 2.616 10
2.972 4.049 0.062 10
2.692 5.644 -1.124 10
2.129 5.726 -1.641 10
0.865 4.188 -1.167 10
-0.376 2.149 -0.516 10
-1.476 0.408 0.371 10
-2.474 -1.321 1.291 10
-3.468 -3.18 1.937 10
-4.319 -5.086 2.502 10
-4.904 -6.215 2.786 10
-4.604 -5.722 2.421 10
-3.617 -4.09 2.196 10
-2.635 -1.914 1.959 10
-1.329 0.509 1.341 10
-0.092 2.113 0.164 10
1.114 3.194 -0.274 10
1.218 3.142 -1.1 10
0.7 2.44 -2.007 10
0.259 1.636 -2.332 10
0.104 0.929 -1.84 10
0.136 0.612 -0.992 10
0.39 0.904 -0.272 10
0.868 1.555 0.323 10
1.376 2.037 0.696 10
1.773 2.506 0.514 10
1.863 2.738 -0.493 10
1.495 2.171 -1.59 10
1.234 1.169 -1.629 10
1.119 0.492 -0.863 10
1.024 0.348 -0.216 10
0.611 0.365 -0.169 10
-0.302 0.303 -0.505 10
-1.073 -0.14 -0.196 10
-1.509 -0.799 0.512 10
-1.53 -1.141 1.202 10
-1.619 -1.053 1.616 10
-1.758 -0.81 1.713 10
-1.841 -0.694 1.861 10
-2.191 -0.892 2.028 10
-1.946 -1.578 2.041 10
-0.579 -2.515 1.328 10
0.977 -3.582 0.376 10
1.991 -4.405 -0.341 10
2.499 -4.662 -0.445 10
2.697 -4.343 -0.056 10
2.453 -3.589 -0.136 10
1.915 -2.584 -0.502 10
1.146 -1.567 -0.9 10
0.255 -0.988 -1.267 10
-0.372 -0.656 -1.459 10
-0.689 -0.754 -1.528 10
-0.878 -1.05 -1.307 10
-1.049 -1.496 -0.788 10
-1.228 -1.881 -0.675 10
-1.786 -1.917 -0.857 10
-2.452 -1.518 -0.47 10
-3.069 -0.16 -0.199 10
-3.477 1.269 -0.972 10
-2.957 1.625 -2.176 10
-1.532 0.91 -3.639 10
-0.147 0.147 -4.068 10
0.97 -0.617 -2.472 10
2.02 -1.486 -0.13 10
2.559 -1.441 1.494 10
2.889 -0.728 2.861 10
3.152 0.482 4.385 10
2.793 1.546 6.463 10
1.971 1.443 7.248 10
0.972 1.66 5.945 10
0.065 2.141 3.877 10
-0.639 2.564 2.3 10
-1.273 2.566 1.277 10
-1.818 2.284 1.028 10
-2.265 1.849 0.417 10
-2.746 1.638 0.074 10
-2.997 1.379 -0.14 10
-2.861 1.483 -0.453 10
-2.411 1.817 -0.658 10
-1.635 2.359 -0.506 10
-1.067 2.744 -0.162 10
-0.253 2.047 -2.663 10
0.883 0.437 -4.723 10
1.786 1.462 -0.898 10
2.469 3.135 -1.007 10
1.395 3.649 -3.052 10
1.031 3.198 -3.626 10
1.169 2.611 -3.125 10
1.457 2.246 -1.847 10
1.346 2.013 -0.585 10
1.16 1.742 0.42 10
1.087 1.301 1.438 10
1.03 0.628 2.26 10
0.866 0.125 2.879 10
0.702 -0.222 2.642 10
0.554 -0.622 1.542 10
0.404 -1.008 0.491 10
0.303 -1.381 -0.582 10
0.359 -1.381 -1.162 10
0.271 -0.95 -1.227 10
0.055 -0.372 -1.156 10
-0.372 0.112 -1.799 10
-0.921 0.394 -3.015 10
-1.286 0.415 -3.774 10
-1.416 0.434 -3.767 10
-1.162 0.597 -2.847 10
-0.727 0.787 -2.019 10
-0.421 0.691 -1.455 10
-0.215 0.372 -1.275 10
0.167 0.025 -1.122 10
0.65 -0.253 -1.01 10
1.076 -0.322 -1.064 10
1.486 -0.419 -1.242 10
1.863 -0.42 -1.411 10
2.116 -0.266 -1.769 10
2.232 -0.067 -2.11 10
2.293 -0.129 -2.579 10
2.34 -0.521 -2.683 10
2.209 -1.038 -2.45 10
2.074 -1.512 -1.911 10
1.988 -1.835 -0.91 10
1.797 -1.677 -0.379 10
1.221 -1.225 -0.652 10
0.22 -0.163 -0.785 10
0.344 1.62 0.137 10
-0.155 2.811 0.874 10
-0.691 3.538 1.898 10
-1.751 3.107 3.587 10
-3.067 0.52 4.444 10
-4.794 -3.392 3.577 10
-6.642 -7.535 2.754 10
-7.064 -10.591 1.866 10
-5.34 -9.704 2.947 10
-3.599 -8.268 4.54 10
-1.731 -3.046 6.757 10
0.286 1.076 6.599 10
1.412 2.132 0.526 10
1.452 4.306 -4.008 10
1.643 5.987 0.495 10
2.28 4.242 5.031 10
2.06 2.094 6.501 10
1.061 -0.536 5.446 10
0.033 -2.586 4.264 10
-0.599 -3.06 3.122 10
-0.547 -2.305 1.543 10
-0.794 -1.342 -0.464 10
-0.31 -0.182 -1.926 10
-0.098 0.878 -2.448 10
0.437 0.868 -3.126 10
0.712 1.108 -3.011 10
0.477 1.204 -2.167 10
0.869 1.506 -0.416 10
1.256 2.329 1.15 10
1.242 2.838 1.181 10
1.092 2.304 0.856 10
0.983 1.729 0.314 10
0.635 1.608 -0.337 10
0.201 1.602 -0.795 10
0.051 1.804 -1.086 10
-0.065 1.985 -0.555 10
-0.636 1.58 -0.267 10
-1.477 0.62 -0.498 10
-1.916 -0.346 -0.457 10
-1.983 -0.613 -0.282 10
-1.655 -0.009 -0.168 10
-1.205 1.112 0.055 10
-0.869 1.776 0.067 10
-0.817 1.633 0.439 10
-1.166 0.728 0.645 10
-1.73 -0.49 0.719 10
-2.359 -1.897 0.862 10
-2.709 -2.802 0.948 10
-2.817 -3.332 1.052 10
-2.622 -3.033 1.136 10
-2.239 -2.351 0.772 10
-1.894 -1.978 0.678 10
-1.722 -2.306 0.481 10
2.63 6.285 -3.126 10
-0.821 -0.368 -0.417 10
-1.524 -4.003 1.356 10
-1.794 -5.206 0.876 10
0.566 -1.935 0.322 10
2.586 0.377 0.445 10
4.112 1.021 1.444 10
5.502 1.711 2.256 10
6.555 2.859 2.789 10
5.339 2.34 1.07 10
3.4 0.107 -1.397 10
5.93 4.94 -13.772 10
5.234 -5.422 -5.474 10
5.184 -9.379 -5.452 10
4.649 -8.924 -1.382 10
1.503 -7.954 2.617 10
-1.965 -5.848 5.717 10
-2.63 -2.729 6.653 10
-2.789 -0.353 5.936 10
-4.665 2.215 5.739 10
-11.585 2.399 -2.91 10
-12.443 -1.081 -3.99 10
-11.733 -4.446 -0.677 10
-8.75 -6.01 -1.627 10
-3.178 -2.522 -2.791 10
0.277 -2.493 0.254 10
1.111 -3.218 1.849 10
0.733 -2.724 1.879 10
-0.202 -1.969 2.407 10
-1.035 -0.927 3.192 10
-0.724 -0.145 4.553 10
0.088 1.162 6.097 10
0.045 1.632 7.289 10
-0.002 2.718 7.887 10
-0.157 3.765 6.004 10
0.03 4.138 3.111 10
1.139 4.517 1.016 10
2.37 4.522 -1.473 10
3.012 5.053 -4.152 10
2.711 3.72 -6.469 10
1.81 1.374 -13.459 10
2.922 2.969 -15.526 10
2.604 4.611 -13.241 10
2.18 5.452 -9.167 10
2.126 5.294 2.712 10
2.163 6.265 1.881 10
2.541 6.991 -1.297 10
3.399 5.413 0.469 10
4.791 3.872 2.991 10
6.355 3.243 2.217 10
7.297 2.359 -0.589 10
7.205 1.562 -3.581 10
7.269 0.915 -4.507 10
8.007 -0.046 -2.971 10
8.749 -1.05 -1.105 10
9.219 -1.721 0.005 10
8.659 -1.911 1.142 10
7.646 -2.512 3.156 10
7.873 -3.132 5.168 10
8.378 -3.275 7.116 10
6.601 -3.956 9.413 10
4.898 -1.949 7.721 10
1.693 -0.59 7.587 10
-1.742 1.39 6.165 10
-4.843 2.854 3.428 10
-6.488 3.905 2.033 10
-6.804 4.178 1.175 10
-6.494 3.984 0.187 10
-5.828 3.508 -0.374 10
-5.296 3.545 -0.776 10
-5.499 3.665 -0.879 10
-5.441 3.944 -0.024 10
-4.819 4.239 0.193 10
-4.535 4.729 1.104 10
-4.28 3.894 0.942 10
-3.111 3.306 1.33 10
-2.963 2.674 2.214 10
-2.701 2.053 1.528 10
-1.75 1.529 1.487 10
-1.239 -2.312 8.173 10
-0.176 2.004 -0.737 10
-0.572 -0.126 0.534 10
-0.885 -0.433 2.946 10
-1.736 0.092 4.754 10
-0.364 -1.743 9.623 10
2.343 -1.879 9.927 10
4.531 -0.174 9.477 10
4.465 2.652 9.047 10
3.579 4.835 5.548 10
2.394 4.144 1.899 10
0.853 1.023 0.588 10
-0.455 -0.638 -0.883 10
-1.47 -1.496 -2.053 10
-2.555 -1.812 -3.942 10
-2.438 -1.433 -5.108 10
-0.315 0.597 -4.442 10
3.517 4.485 -2.851 10
5.811 6.674 -2.558 10
7.057 7.067 -2.354 10
7.368 6.067 -2.359 10
4.451 3.478 -2.977 10
0.058 1.139 -2.067 10
-2.317 0.689 -0.18 10
-1.568 1.413 1.13 10
-0.61 1.573 0.371 10
-1.445 0.752 -0.191 10
-1.387 -0.029 -0.974 10
-1.093 -0.362 -0.997 10
-1.242 -0.369 -1.035 10
-1.506 -0.797 -1.043 10
-3.225 -1.89 0.827 10
-2.567 -1.709 0.873 10
-3.025 -2.728 0.752 10
-3.352 -1.731 0.875 10
-2.465 -1.136 -0.22 10
2.478 0.132 1.016 10
0.825 0.834 -0.197 10
2.596 1.604 -0.263 10
1.422 1.849 -0.435 10
-0.374 1.259 -0.374 10
0.275 1.667 0.421 10
0.764 2.336 -1.025 10
0.817 2.689 -1.983 10
0.46 2.454 -1.75 9
0.077 1.752 0.208 10
-0.455 0.353 4.85 10
-0.496 -1.129 6.201 11
-0.498 -1.577 2.021 9
-1.767 -0.126 0.328 10
-0.426 1.023 0.933 10
-0.418 1.429 0.297 10
-0.394 0.812 0.672 10
-0.19 -0.069 1.036 11
-0.499 -1.261 1.087 9
-0.19 -1.04 1.194 10
0.897 -0.66 0.79 10
0.824 -0.758 0.323 10
0.388 -1.173 0.756 11
-0.4 -1.728 0.965 10
-0.808 -1.331 0.963 9
-0.839 -0.241 0.212 10
-0.643 0.67 -0.524 10
-0.389 1.327 -0.118 11
0.64 2.168 1.134 10
1.102 3.589 0.59 10
2.94 5.109 0.117 10
1.137 2.659 -0.299 10
-0.406 0.152 -0.166 10
-0.236 0.0 -0.14 10
-0.04 0.318 0.088 9
-0.528 0.2 0.157 10
-1.225 -0.225 0.158 11
-2.007 -0.607 0.22 34
-1.341 -0.003 -0.008 16
-0.664 0.556 -0.067 9
-0.322 0.664 -0.233 10
-0.022 0.787 -0.33 10
-0.003 0.933 -0.03 11
-0.08 1.038 0.437 9
-0.615 -0.358 0.342 10
-0.829 -2.71 0.532 11
-1.22 -2.826 0.47 9
-1.141 -1.734 0.225 10
0.006 -0.328 -0.004 10
0.54 0.54 -0.253 11
-0.952 -1.874 1.383 9
-2.159 -1.17 -2.349 11
-1.331 -0.01 -2.545 10
-0.982 0.188 -2.04 10
-1.03 0.04 -1.491 10
-0.557 0.536 -0.635 9
-0.527 0.224 -0.787 11
-0.56 0.279 -0.571 10
-1.177 -0.205 -1.393 9
-0.3 0.013 -0.995 10
0.866 0.425 -0.361 10
1.745 0.917 1.734 10
0.648 0.17 0.061 10
-0.096 -0.734 -1.142 10
-0.199 -0.608 -1.614 10
-0.248 0.055 -1.573 10
0.043 0.446 -0.847 10
0.685 0.806 0.047 11
0.755 0.855 0.396 10
0.645 0.778 0.322 9
0.399 0.64 -0.037 10
0.178 0.283 -0.111 10
-0.02 0.229 -0.264 10
-0.147 0.438 -0.22 10
-0.262 0.455 -0.163 10
-0.434 0.53 0.111 10
-0.571 0.796 0.306 10
-0.54 0.992 0.414 11
-0.382 1.022 0.389 10
-0.267 0.885 0.238 9
-0.343 0.762 0.137 10
-0.628 0.462 0.252 10
-0.875 0.433 0.624 10
-0.986 0.364 1.371 10
-0.87 0.276 2.156 10
-0.835 -0.148 2.51 10
-1.044 -0.684 2.776 10
-1.147 -1.073 2.722 10
-0.894 -1.103 2.226 10
-0.253 -0.657 0.228 10
-0.314 -0.341 -0.449 10
-0.412 -0.833 -0.62 10
-0.672 -0.922 -0.618 10
-1.2 -0.528 -0.229 10
-1.597 -0.173 0.491 10
-1.92 -0.087 1.339 10
-1.728 -0.095 0.507 10
-1.279 -0.043 -0.396 10
-0.599 -0.521 -0.874 10
-0.238 -1.098 -0.976 10
0.457 -0.126 -2.094 10
0.291 0.015 -1.634 10
0.055 0.108 -1.298 10
0.386 -0.316 -1.013 11
0.735 -0.982 -1.472 10
0.446 -0.841 -1.463 10
-0.089 -0.421 -0.627 10
-0.451 -0.128 -0.004 10
-0.345 -0.055 -0.012 10
-0.156 -0.05 -0.226 9
0.04 0.015 -0.462 10
0.114 0.048 -0.864 10
0.257 0.129 -1.433 10
0.326 0.09 -1.574 11
0.242 -0.185 -1.649 9
0.235 -0.296 -1.536 10
0.056 -0.249 -0.813 11
-0.242 0.034 -0.792 10
0.161 0.401 -0.98 10
0.403 0.395 -0.899 9
0.38 0.356 -0.43 10
0.101 0.535 -0.154 11
-0.029 0.732 0.196 9
0.0 1.012 0.547 10
0.102 1.247 0.579 10
0.273 1.036 0.572 11
0.315 1.01 0.575 9
0.499 0.814 0.406 11
0.75 0.75 0.391 10
0.632 0.976 0.447 10
0.362 0.698 0.592 9
0.197 0.481 0.644 10
0.091 0.356 0.666 11
0.116 0.354 0.625 9
0.32 0.267 0.571 10
0.4 0.172 0.652 10
0.377 0.085 0.837 11
0.219 0.016 1.037 9
-0.035 -0.001 1.166 10
-0.307 0.006 1.101 10
-0.397 -0.131 0.957 10
-0.237 -0.256 0.913 11
-0.006 -0.385 0.856 10
0.295 -0.536 0.848 10
0.722 -0.741 0.953 9
1.116 -0.883 1.116 10
1.306 -0.949 1.289 11
1.235 -0.975 1.591 9
1.069 -1.05 2.044 11
0.832 -1.255 2.279 9
0.654 -1.414 2.085 10
0.572 -1.281 1.696 10
0.566 -1.015 1.181 10
0.604 -0.784 0.503 11
0.708 -0.723 -0.15 9
0.809 -0.685 -0.669 20
0.711 -0.608 -0.663 10
0.493 -0.539 -0.639 11
0.297 -0.536 -0.455 9
0.259 -0.509 -0.271 10
0.173 -0.466 -0.098 11
-0.068 -0.48 0.041 9
-0.363 -0.544 0.062 11
-0.637 -0.446 -0.115 9
-0.762 -0.307 -0.466 10
-0.85 -0.25 -0.885 10
-0.86 -0.26 -1.348 10
-0.8 -0.251 -1.644 11
-0.676 -0.114 -1.66 9
-0.523 -0.033 -1.658 10
-0.358 0.09 -1.639 11
-0.167 0.201 -1.501 9
-0.004 0.242 -1.333 10
0.039 0.321 -1.157 10
-0.068 0.392 -0.989 10
-0.199 0.508 -0.856 11
-0.351 0.578 -0.796 9
-0.411 0.623 -0.889 11
-0.301 0.673 -1.084 10
-0.124 0.657 -1.338 10
-0.051 0.643 -1.359 10
-0.055 0.631 -1.206 10
-0.058 0.697 -0.878 10
0.016 0.61 -0.635 10
0.075 0.644 -0.175 9
0.119 0.734 0.083 11
0.124 0.713 0.135 10
0.12 0.624 0.0 10
0.134 0.665 -0.378 10
0.146 0.728 -0.349 10
0.175 0.75 -0.09 10
0.037 0.683 0.203 10
-0.147 0.649 0.639 10
-0.21 0.61 1.127 9
-0.241 0.678 1.462 11
-0.225 0.654 1.592 10
-0.09 0.631 1.459 9
0.004 0.611 1.157 11
-0.056 0.49 0.955 10
-0.162 0.251 0.851 9
-0.181 0.148 1.102 11
-0.059 0.125 0.992 10
0.041 0.121 1.375 10
0.062 0.143 1.729 10
-0.072 0.198 1.565 10
-0.039 0.178 1.512 10
0.085 -0.175 1.541 10
0.197 -0.33 1.654 10
0.168 -0.297 1.575 9
0.074 -0.491 1.193 10
-0.174 -0.778 0.471 11
-0.424 -0.821 -0.368 10
-0.536 -0.911 -0.771 10
-0.396 -0.967 -0.892 9
-0.09 -0.861 -0.674 10
0.039 -0.629 -0.623 11
0.018 -0.531 -0.604 9
-0.078 -0.512 -0.733 11
-0.079 -0.496 -0.901 9
0.075 -0.455 -1.078 11
0.223 -0.366 -1.1 10
0.295 -0.312 -1.007 10
0.369 -0.238 -0.992 10
0.392 -0.188 -1.005 9
0.439 -0.23 -1.103 10
0.456 -0.207 -1.303 10
0.358 -0.108 -1.457 10
0.374 -0.037 -1.518 10
0.414 0.052 -1.245 10
0.511 0.081 -0.974 10
0.485 0.133 -0.799 10
0.394 0.172 -0.711 10
0.225 0.232 -0.622 10
0.03 0.252 -0.569 10
-0.015 0.304 -0.451 10
0.003 0.334 -0.294 10
0.08 0.378 -0.144 10
0.106 0.452 0.025 11
0.061 0.459 0.169 9
0.133 0.413 0.324 10
0.283 0.372 0.292 10
0.35 0.421 0.142 10
0.177 0.49 0.059 10
0.004 0.484 -0.007 10
-0.116 0.453 0.096 11
-0.182 0.537 0.216 9
-0.285 0.638 0.332 10
-0.394 0.6 0.333 10
-0.398 0.523 0.24 10
-0.28 0.462 0.138 10
-0.183 0.519 0.159 10
-0.13 0.519 0.289 10
-0.109 0.458 0.416 10
-0.132 0.473 0.555 10
-0.197 0.546 0.68 11
-0.142 0.414 0.63 9
-0.016 0.252 0.618 11
0.062 0.209 0.643 10
-0.003 0.18 0.518 9
0.03 0.041 0.509 10
0.114 -0.065 0.544 10
0.197 -0.18 0.654 10
0.307 -0.274 0.735 10
0.25 -0.324 0.696 10
0.078 -0.36 0.523 10
-0.032 -0.436 0.401 10
0.091 -0.548 0.456 10
0.418 -0.657 0.462 11
0.73 -0.66 0.511 10
0.941 -0.697 0.546 10
1.088 -0.688 0.482 9
1.126 -0.671 0.322 11
1.005 -0.638 0.066 9
0.749 -0.488 -0.155 10
0.562 -0.396 -0.286 10
0.471 -0.425 -0.292 11
0.484 -0.383 -0.323 10
0.47 -0.276 -0.325 9
0.44 -0.3 -0.241 10
0.405 -0.451 -0.243 11
0.433 -0.509 -0.106 10
0.312 -0.225 0.196 9
0.074 -0.039 0.297 10
-0.174 -0.069 0.509 10
-0.639 0.005 0.846 11
-0.997 0.005 1.08 10
-1.122 -0.012 1.11 9
-0.932 0.023 0.93 10
-0.709 0.012 0.492 10
-0.518 -0.1 -0.237 10
-0.423 -0.039 -1.092 10
-0.294 0.094 -1.75 10
-0.247 0.205 -2.437 11
-0.24 0.322 -2.883 9
-0.078 0.368 -2.931 10
0.17 0.348 -2.62 10
0.351 0.365 -1.876 10
0.273 0.44 -0.904 10
0.091 0.5 -0.158 10
0.013 0.544 0.279 10
0.072 0.533 0.363 10
0.107 0.488 0.258 10
0.123 0.414 0.154 10
0.162 0.346 0.13 10
0.292 0.269 -0.011 10
0.315 0.164 -0.139 10
0.162 0.113 -0.125 10
0.017 0.162 -0.156 11
-0.13 0.215 -0.019 9
-0.264 0.159 0.283 10
-0.237 0.126 0.35 11
-0.084 0.147 0.384 9
0.044 0.072 0.543 10
0.203 0.031 0.618 10
0.364 0.2 0.496 10
0.431 0.275 0.386 10
0.422 0.385 0.235 10
0.311 0.519 0.126 10
0.09 0.631 0.027 10
-0.168 0.559 0.041 10
-0.479 0.546 0.106 10
-0.793 0.388 0.078 10
-0.834 0.082 0.07 10
-0.432 -0.192 -0.867 10
0.033 -0.061 0.133 10
0.271 -0.176 1.119 10
0.494 -0.322 1.499 10
0.513 -0.195 1.409 10
0.315 -0.167 1.19 10
-0.034 -0.374 0.899 10
-0.203 -0.647 0.361 10
-0.441 -0.263 -0.01 10
-0.845 -0.039 0.016 10
-1.054 -0.147 0.385 11
-1.0 -0.218 0.656 9
-0.71 -0.274 0.918 11
-0.398 -0.298 1.076 9
-0.272 -0.26 1.193 10
-0.331 -0.199 1.091 10
-0.315 -0.136 0.525 10
-0.283 -0.148 -0.277 11
-0.195 -0.185 -1.12 9
-0.08 -0.192 -1.671 10
0.047 -0.165 -1.832 10
0.189 -0.045 -1.864 10
0.291 0.071 -1.927 10
0.331 0.193 -1.864 10
0.418 0.329 -1.652 10
0.531 0.417 -1.305 10
0.556 0.358 -1.071 11
0.466 0.193 -0.947 10
0.359 0.018 -0.783 9
0.263 -0.112 -0.515 10
0.305 -0.256 -0.3 10
0.369 -0.385 -0.21 10
0.513 -0.407 0.017 11
0.66 -0.246 0.507 9
0.637 0.114 0.999 10
0.496 0.344 1.14 11
0.524 0.387 0.983 9
0.549 0.452 0.661 11

# Completed @Mon Jul 18 22:38:27 CEST 2016
