# Accelerometer Data File
# Started @Wed Jul 20 22:06:38 CEST 2016
#
#
# sensor Vendor: STMicroelectronics
# sensor Name: 3-axis Accelerometer sensor
# sensor Resolution: 0.009576807m/sec^2; Max Range: 39.2266; Min Delay: 10000 microseconds
# The sensor's attributes are the result hardware and the Android capabilities.
# It means that the Android may not utilize all features provided by the hardware.
#
# Some devices and Android versions save battery too much so the device may go to sleep.
# It just happens after couple of minutes from turning off the scree and it is easy to find it out.
#
# The following file provides the data from accelerometer in the m/s^2 format.
# The diff value is just a time delta between the samples
#
#
# data format:
# so we have 4 columns with values separated by the " "
# X Y Z time_from_previous_sample(ms)

# sensor speed set to:FASTEST
# units set to: m/sec^2
# gravity  filtered out
# Accuracy: HIGH
0.318 6.955 6.395 0
0.554 6.148 6.074 10
0.878 5.153 5.7 10
1.109 4.216 4.699 10
1.024 3.501 3.625 10
0.723 3.099 3.539 10
0.539 3.022 3.348 10
0.398 3.099 2.841 9
0.195 2.789 1.988 10
0.072 2.303 1.238 11
0.177 1.883 0.985 9
0.4 1.79 0.92 11
0.567 1.792 0.449 10
0.76 1.509 0.361 10
0.9 1.022 -0.053 10
0.879 0.661 -0.126 10
0.825 0.586 -0.346 10
0.812 0.734 -0.311 10
0.808 0.79 0.736 9
0.624 0.677 2.102 11
-0.05 0.419 2.633 10
-0.907 0.179 2.982 10
-1.385 -0.208 2.985 10
-1.307 -0.446 2.678 9
-1.107 -0.514 2.444 11
-0.867 -0.35 2.295 9
-0.573 -0.125 2.091 11
-0.197 0.015 1.968 10
-0.194 -0.02 1.564 10
-0.597 0.059 1.132 10
-1.184 0.243 0.881 10
-1.54 0.468 0.948 10
-1.463 0.473 1.482 9
-1.213 0.357 1.868 11
-0.687 0.226 1.69 10
0.036 0.066 0.909 10
0.722 0.593 -0.431 10
-0.685 -0.439 -0.051 10
-1.755 -0.188 -0.451 10
-1.415 0.502 -0.32 10
-0.981 0.504 0.021 10
-0.684 0.22 0.226 10
-0.719 -0.189 0.436 10
-0.811 -0.713 0.436 10
-0.256 -0.891 0.237 9
0.424 -0.768 -0.208 11
0.718 -0.76 -0.687 10
0.611 -0.813 -1.23 10
0.076 -0.542 -1.142 10
-0.646 -0.272 -1.433 10
-0.849 -0.099 -1.858 10
-0.798 0.048 -1.647 9
-0.951 0.155 -0.973 11
-0.856 0.235 -0.876 10
-0.494 0.125 -0.15 10
-0.091 -0.093 0.312 10
0.149 -0.136 0.281 10
0.065 0.041 0.925 10
-0.294 -0.014 1.315 10
-0.635 -0.151 1.64 10
-0.338 -0.61 2.717 10
-0.124 -0.333 1.928 20
-0.111 -0.3 1.442 10
0.304 -0.097 0.609 10
0.575 -0.131 0.005 10
0.69 0.028 -0.693 10
0.811 0.189 -1.149 10
0.798 0.299 -1.621 10
0.796 0.485 -1.751 10
0.872 0.626 -1.464 10
0.698 0.632 -0.594 9
0.594 0.715 -0.052 11
0.448 0.282 0.737 9
0.317 -0.288 1.715 11
0.216 -0.191 1.173 10
0.333 -0.232 0.081 10
0.446 -0.105 -0.607 10
0.384 0.378 -1.072 10
0.139 0.659 -1.594 10
-0.107 0.637 -1.641 9
-0.656 0.452 -0.494 10
-0.97 0.545 0.364 11
-0.701 0.542 0.267 9
-0.07 0.195 0.499 10
0.436 -0.065 0.76 10
0.806 -0.3 0.459 10
0.467 -0.606 0.336 10
-0.036 -0.554 0.095 10
-0.222 -0.223 -0.155 10
-0.338 -0.028 -0.217 10
-0.502 0.051 0.132 11
-0.572 0.288 0.886 10
-0.257 0.535 0.702 9
0.173 0.343 0.459 10
0.63 0.067 0.146 11
0.886 -0.249 -0.178 10
1.116 -0.301 -0.625 10
1.547 0.323 -0.709 9
1.203 0.308 -0.371 11
0.531 -0.015 -0.403 10
0.573 0.166 -0.638 10
0.515 0.667 -0.506 9
0.498 0.988 -0.584 10
0.56 0.76 -0.698 11
0.616 0.33 -0.714 10
0.718 0.125 -0.436 10
0.716 0.173 -0.685 9
0.687 0.388 -1.065 10
0.61 0.513 -0.933 11
0.574 0.591 -0.52 9
0.689 0.635 -0.296 11
0.819 0.52 -0.37 9
0.737 0.149 -0.522 10
0.689 -0.296 -0.315 11
0.37 -0.516 0.827 10
0.324 -0.206 0.124 9
0.481 -0.099 0.732 10
0.631 -0.072 1.392 10
0.887 0.107 0.933 11
0.988 0.113 0.133 10
0.786 -0.182 -0.051 10
0.604 -0.172 -0.141 9
0.336 0.172 -0.058 10
-0.136 0.336 0.007 10
-0.553 0.302 -0.01 11
-0.799 0.298 0.249 10
-0.814 0.371 0.043 10
-0.664 0.291 -0.297 9
-0.434 0.158 -0.439 10
-0.252 0.151 -0.421 10
-0.149 0.093 -0.457 11
-0.272 -0.053 -0.282 9
-0.452 0.011 0.125 10
-0.484 0.079 0.267 11
-0.453 -0.014 0.585 10
-0.494 -0.047 0.889 9
-0.531 0.146 0.86 10
-0.538 0.347 0.619 11
-0.441 0.45 0.729 10
-0.285 0.328 0.777 10
-0.239 0.278 0.596 10
0.0 0.353 0.14 9
0.249 0.318 -0.201 10
0.319 0.519 -0.862 11
0.391 0.725 -1.068 10
0.308 0.791 -1.125 10
0.234 0.712 -1.004 9
0.228 0.58 -0.55 10
0.205 0.505 -0.116 11
0.047 0.515 -0.173 10
-0.172 0.308 0.274 10
-0.129 0.053 0.841 9
-0.09 0.048 1.033 10
-0.271 0.129 0.921 10
-0.089 0.297 0.475 10
0.238 0.552 -0.123 10
0.163 0.807 -0.921 10
0.155 0.985 -0.665 10
0.441 1.093 0.039 10
0.216 1.415 0.026 11
0.168 1.592 0.446 9
0.401 1.26 1.323 10
0.982 0.634 1.768 10
1.203 0.123 2.479 11
1.237 -0.164 2.947 10
1.269 -0.45 2.764 10
1.461 -0.775 2.074 9
1.384 -0.939 1.246 10
1.34 -1.009 0.483 11
1.542 -1.072 -0.202 9
1.698 -1.214 -0.613 11
1.545 -1.464 -0.948 9
1.089 -1.705 -0.577 10
0.722 -2.37 -0.614 10
0.529 -2.271 -0.242 11
0.493 -2.061 -0.037 10
0.461 -1.915 0.181 9
0.372 -1.827 -0.034 10
0.36 -1.688 -0.367 10
0.635 -1.39 -0.821 11
0.623 -1.026 -1.515 9
0.681 -0.657 -2.053 11
0.561 -0.324 -2.494 9
0.238 -0.214 -2.486 10
0.05 -0.218 -2.013 11
-0.212 -0.308 -1.148 10
-0.432 -0.303 -0.637 10
-0.51 -0.368 -0.09 10
-0.416 -0.408 0.392 10
-0.314 -0.48 0.335 10
-0.222 -0.621 0.164 10
-0.148 -0.757 -0.231 10
-0.193 -0.544 -1.121 10
-0.191 -0.067 -1.578 10
-0.198 0.189 -1.67 10
-0.178 0.118 -1.831 9
-0.169 0.236 -2.044 11
-0.255 0.419 -1.865 10
-0.368 0.42 -1.524 10
-0.219 0.473 -1.268 10
-0.076 0.796 -1.175 9
-0.017 1.216 -1.015 10
0.156 1.25 -0.387 10
-0.126 1.323 0.469 11
-0.492 1.441 1.008 10
-0.434 1.667 1.037 10
-0.382 1.776 1.166 10
-0.456 1.848 1.127 9
-0.703 1.888 0.893 11
-1.073 1.863 0.709 10
-1.276 1.806 0.397 10
-1.458 1.642 0.116 9
-1.821 1.478 0.199 10
-2.061 0.934 -0.329 11
-1.743 1.159 -0.046 10
-1.086 1.595 0.725 9
-0.081 1.03 0.618 10
0.952 0.134 0.384 11
1.65 -0.421 -0.214 10
1.95 -0.914 -0.667 10
1.186 -1.615 -0.1 10
0.24 -1.859 -1.055 10
-0.188 -1.776 -1.096 10
-0.566 -1.469 -0.185 10
-1.026 -0.848 0.755 10
-1.027 -0.436 0.438 9
-0.476 -0.47 0.084 11
0.036 -0.509 -0.174 9
0.282 -0.898 -0.242 11
0.633 -1.273 0.074 9
0.742 -1.43 1.041 11
1.047 -1.727 1.005 10
0.813 -1.201 0.801 9
0.292 -0.279 0.592 11
-0.279 0.248 0.429 10
-0.846 0.18 0.403 10
-1.425 0.171 0.311 10
-1.282 0.274 0.297 10
-0.939 -0.071 0.061 10
-0.845 -0.331 -0.125 10
-0.734 -0.402 -0.233 9
-0.825 -0.223 -0.279 11
-0.828 0.031 -0.51 10
-0.832 0.286 -0.622 10
-0.378 0.318 -0.603 9
0.521 -0.523 -0.655 10
1.288 -1.238 -0.503 10
1.348 -1.062 -0.074 10
1.076 -0.603 0.174 11
0.701 -0.499 0.088 10
0.501 -0.846 -0.222 9
0.175 -0.873 -0.036 10
-0.307 -0.286 0.76 10
-0.293 0.13 0.589 11
0.002 -0.081 0.134 10
0.347 -0.4 -0.051 10
0.597 -0.532 -0.029 10
0.744 -0.427 -0.112 9
0.756 -0.29 -0.308 11
0.576 0.402 -0.716 10
0.062 0.0 -0.119 9
0.418 -0.473 0.099 11
0.436 -0.116 0.778 9
0.22 0.429 1.356 11
0.258 0.662 1.444 10
0.422 0.785 1.032 10
0.457 0.974 0.705 9
0.265 1.083 0.703 10
0.489 1.07 0.754 11
0.81 0.989 0.652 10
1.522 0.855 0.742 10
1.749 0.951 0.849 10
1.548 1.028 0.747 9
1.402 0.52 0.724 11
1.477 0.313 0.281 10
1.286 0.161 -0.014 9
0.847 -0.121 -0.219 10
0.314 -0.299 -0.731 11
-0.009 -0.467 -1.055 10
-0.474 -0.429 -1.26 10
-0.771 -0.55 -1.349 10
-0.668 -0.719 -1.154 9
-0.618 -0.587 -0.581 10
-0.419 -0.347 -0.196 11
-0.084 -0.054 -0.073 10
0.458 0.184 -0.445 10
1.076 -0.024 -0.986 9
1.46 -0.306 -1.629 10
1.555 -0.766 -1.69 11
0.977 -1.052 -1.374 10
0.0 -0.929 -0.504 10
-0.757 -0.69 0.347 9
-1.207 -0.474 0.691 10
-1.44 -0.246 0.812 11
-1.494 -0.135 0.601 10
-1.25 0.136 0.395 9
-1.039 0.192 0.355 10
-0.883 0.388 0.121 10
-0.64 0.694 0.1 11
-0.532 1.038 -0.003 10
-0.522 1.21 -0.141 9
-0.367 1.235 -0.118 10
0.031 1.293 -0.21 10
0.433 1.345 -0.206 11
0.752 1.382 -0.358 10
0.97 1.287 -0.46 9
1.01 1.184 -0.371 10
0.952 1.178 -0.049 10
0.814 1.224 0.041 11
0.69 1.136 0.08 10
0.508 1.005 0.417 10
0.294 0.999 0.685 9
0.109 1.063 0.824 11
0.072 1.008 0.991 10
0.082 0.744 1.107 10
0.152 0.316 1.126 10
0.145 -0.189 0.884 9
0.148 -0.437 0.658 10
-0.082 -0.333 0.419 10
-0.556 -0.179 -0.121 11
-0.983 0.105 -0.523 9
-1.307 0.56 -0.634 11
-1.512 0.944 -0.709 9
-1.568 0.858 -0.698 10
-1.471 0.384 -0.74 11
-1.204 -0.102 -0.916 9
-0.773 -0.471 -0.997 11
-0.325 -0.794 -1.061 10
0.12 -1.146 -1.248 10
0.35 -1.574 -1.511 9
0.349 -1.873 -1.653 10
0.305 -1.936 -1.358 11
0.102 -1.794 -0.955 10
-0.122 -1.571 -0.601 10
-0.274 -1.388 -0.282 9
-0.41 -1.293 -0.064 10
-0.645 -1.336 0.045 11
-0.934 -1.28 0.221 9
-1.288 -1.057 0.44 11
-1.634 -0.718 0.629 9
-1.712 -0.379 0.712 10
-1.825 -0.048 0.805 11
-1.849 0.214 0.785 10
-1.673 0.313 0.767 10
-1.368 0.36 0.698 9
-1.024 0.444 0.482 10
-0.62 0.443 0.382 11
-0.187 0.407 0.387 10
-0.048 0.384 0.469 10
-0.017 0.449 0.818 9
0.087 0.507 1.254 10
0.302 0.465 1.628 10
0.634 0.358 1.758 10
0.838 0.21 1.936 11
0.995 0.181 1.984 10
1.042 0.231 1.88 10
1.033 0.26 1.718 9
0.938 0.217 1.58 10
0.887 0.109 1.353 11
0.928 0.02 1.089 10
0.956 -0.136 0.782 10
1.05 -0.321 0.565 10
1.091 -0.452 0.38 9
1.094 -0.614 0.066 11
1.071 -0.708 -0.224 9
0.929 -0.809 -0.288 11
0.724 -0.866 -0.388 10
0.505 -0.874 -0.496 10
0.403 -0.968 -0.498 10
0.302 -1.069 -0.483 10
0.263 -1.16 -0.521 10
0.254 -1.268 -0.606 9
0.229 -1.391 -0.632 10
0.283 -1.407 -0.646 11
0.341 -1.413 -0.719 10
0.359 -1.513 -0.794 10
0.34 -1.646 -0.878 10
0.297 -1.723 -0.877 10
0.19 -1.688 -0.815 10
0.068 -1.537 -0.768 9
-0.007 -1.323 -0.872 11
-0.067 -1.113 -1.0 10
0.025 -0.924 -1.09 10
0.152 -0.685 -1.248 10
0.318 -0.427 -1.261 9
0.45 -0.16 -1.264 11
0.43 0.096 -1.138 10
0.275 0.466 -0.895 10
0.015 0.919 -0.555 10
-0.192 1.396 -0.163 10
-0.242 1.705 0.249 10
-0.192 1.724 0.646 9
-0.061 1.663 1.142 11
0.031 1.618 1.596 10
0.028 1.637 1.85 10
0.016 1.714 1.915 10
-0.002 1.715 1.956 9
-0.01 1.699 1.786 11
0.007 1.727 1.556 10
0.058 1.83 1.245 10
0.113 1.854 0.991 10
0.162 1.781 0.772 9
0.266 1.628 0.522 11
0.257 1.474 0.116 10
0.145 1.284 -0.187 10
-0.067 1.164 -0.427 10
-0.353 1.185 -0.471 10
-0.585 1.196 -0.484 10
-0.759 1.094 -0.522 10
-0.864 0.958 -0.581 10
-0.907 0.768 -0.618 9
-0.851 0.501 -0.487 11
-0.748 0.227 -0.257 10
-0.725 -0.079 0.009 10
-0.773 -0.209 0.189 10
-0.834 -0.274 0.411 9
-0.888 -0.368 0.517 11
-0.903 -0.495 0.525 9
-0.735 -0.626 0.55 11
-0.498 -0.856 0.357 10
-0.275 -1.09 0.02 10
-0.144 -1.386 -0.395 10
-0.018 -1.669 -0.752 9
-0.051 -1.83 -1.133 11
-0.114 -1.931 -1.511 10
-0.112 -1.962 -1.696 9
-0.109 -1.809 -1.665 10
-0.089 -1.49 -1.326 11
-0.029 -1.083 -1.098 9
0.163 -0.836 -0.764 10
0.595 -0.873 -0.662 10
0.466 -1.105 -0.492 10
0.058 -1.089 -0.348 10
-0.464 -0.704 -0.244 10
-0.97 -0.28 -0.185 11
-1.364 0.212 -0.072 10
-1.538 0.708 0.038 9
-1.461 1.051 0.275 10
-1.143 1.204 0.687 11
-0.649 1.135 1.084 10
-0.084 0.85 1.381 10
0.371 0.446 1.527 10
0.696 0.073 1.615 9
0.859 -0.166 1.549 11
0.79 -0.278 1.204 10
0.565 -0.233 0.834 10
0.207 -0.037 0.492 10
-0.037 0.207 0.279 9
-0.249 0.393 0.122 11
-0.31 0.509 -0.01 10
-0.193 0.501 -0.087 10
0.11 0.408 -0.087 9
0.392 0.358 -0.061 10
0.525 0.391 -0.167 11
0.61 0.412 -0.279 10
0.532 0.457 -0.312 10
0.418 0.575 -0.272 9
0.308 0.69 -0.227 10
0.165 0.716 -0.075 11
0.071 0.644 0.104 10
0.072 0.407 0.386 9
0.177 0.168 0.675 10
0.254 -0.046 0.806 11
0.315 -0.239 0.811 10
0.326 -0.422 0.696 10
0.311 -0.527 0.419 9
0.245 -0.5 0.05 10
0.169 -0.407 -0.299 10
0.195 -0.288 -0.597 11
0.236 -0.242 -0.778 10
0.385 -0.364 -0.95 9
0.501 -0.647 -1.071 10
0.58 -0.961 -1.093 11
0.6 -1.167 -1.199 10
0.497 -1.335 -1.295 10
0.559 -1.167 -1.044 9
0.641 -0.748 -0.518 10
0.784 -0.432 -0.069 11
0.99 -0.371 0.462 10
1.115 -0.558 0.744 10
1.167 -0.89 0.833 9
1.43 -1.034 1.0 10
1.45 -1.129 1.201 11
1.228 -1.162 1.038 10
0.898 -1.098 0.874 10
0.412 -0.902 0.898 9
-0.258 -0.579 0.636 10
-0.921 -0.03 0.383 11
-1.45 0.541 0.258 9
-1.831 0.996 0.095 11
-1.975 1.37 -0.138 9
-1.95 1.595 -0.279 10
-1.841 1.599 -0.467 11
-1.588 1.448 -0.584 10
-1.308 1.269 -0.517 10
-1.117 1.185 -0.31 9
-1.04 1.118 -0.201 10
-0.988 0.98 -0.216 11
-0.889 0.787 -0.358 10
-0.783 0.622 -0.581 9
-0.678 0.483 -0.833 10
-0.567 0.331 -1.077 10
-0.519 0.22 -1.297 11
-0.476 0.129 -1.443 10
-0.445 0.099 -1.488 9
-0.41 0.123 -1.469 11
-0.343 0.128 -1.434 15
-0.3 0.107 -1.394 4
-0.235 -0.032 -1.366 11
-0.203 -0.158 -1.273 9
-0.295 -0.246 -1.154 10
-0.394 -0.247 -1.125 10
-0.467 -0.248 -0.986 10
-0.601 -0.232 -0.905 11
-0.67 -0.183 -0.814 10
-0.655 -0.078 -0.673 10
-0.581 0.041 -0.493 10
-0.402 0.105 -0.28 9
-0.155 0.026 -0.08 11
0.066 -0.096 0.126 9
0.198 -0.19 0.277 10
0.247 -0.257 0.335 10
0.291 -0.275 0.259 11
0.219 -0.333 0.103 10
0.111 -0.308 -0.173 9
-0.02 -0.217 -0.371 11
-0.13 -0.127 -0.55 10
-0.126 -0.045 -0.676 10
-0.13 0.045 -0.703 10
-0.152 0.187 -0.658 10
-0.119 0.297 -0.523 9
-0.064 0.311 -0.359 11
-0.015 0.262 -0.185 10
0.038 0.202 -0.003 10
0.06 0.224 0.152 10
0.08 0.297 0.248 10
0.097 0.405 0.318 10
0.07 0.528 0.433 9
-0.013 0.622 0.597 11
-0.055 0.775 0.752 10
-0.17 1.085 0.806 10
-0.42 1.606 0.838 10
-0.611 1.98 1.004 9
-0.679 1.945 1.421 11
-0.43 1.82 1.83 10
-0.016 1.664 2.224 10
0.51 1.213 2.321 9
0.795 0.523 2.261 10
1.052 -0.227 2.009 11
1.231 -0.876 1.455 10
1.03 -1.246 0.87 9
0.393 -1.19 0.645 10
-0.214 -0.838 0.692 11
-0.857 -0.392 0.632 10
-1.159 -0.077 0.767 10
-1.189 0.007 0.905 10
-1.019 -0.044 1.108 10
-0.641 -0.186 1.273 10
-0.172 -0.564 1.37 10
0.181 -1.068 1.284 10
0.473 -1.478 1.07 10
0.538 -1.761 0.773 10
0.475 -1.895 0.446 10
0.384 -1.887 0.186 10
0.182 -1.75 -0.013 10
-0.059 -1.489 -0.167 10
-0.226 -1.193 -0.245 10
-0.358 -0.996 -0.289 10
-0.452 -0.879 -0.295 10
-0.501 -0.8 -0.3 10
-0.494 -0.711 -0.33 10
-0.393 -0.631 -0.375 10
-0.207 -0.56 -0.458 9
-0.031 -0.452 -0.61 10
0.161 -0.277 -0.816 11
0.3 -0.094 -0.985 9
0.373 0.069 -1.119 10
0.413 0.191 -1.205 10
0.449 0.31 -1.214 11
0.473 0.417 -1.067 10
0.581 0.513 -0.744 10
0.695 0.582 -0.506 9
0.85 0.602 -0.309 10
1.006 0.585 -0.054 11
1.181 0.526 0.149 10
1.348 0.439 0.229 10
1.523 0.361 0.206 9
1.629 0.281 0.168 10
1.665 0.227 0.082 11
1.67 0.153 -0.02 10
1.59 0.129 -0.121 10
1.431 0.185 -0.273 9
1.141 0.253 -0.392 10
0.846 0.331 -0.456 11
0.597 0.41 -0.393 9
0.365 0.472 -0.225 10
0.096 0.744 -0.047 11
-0.059 0.997 0.258 9
-0.079 1.0 0.526 11
0.186 0.788 0.861 9
0.668 0.494 1.231 11
1.075 0.126 1.341 9
1.372 -0.101 1.319 10
1.459 -0.29 1.17 11
1.399 -0.424 1.035 10
1.182 -0.39 0.932 10
0.84 -0.239 0.856 9
0.514 -0.095 0.762 10
0.196 0.0 0.565 11
-0.064 0.078 0.379 10
-0.265 0.027 0.177 10
-0.454 -0.053 -0.003 9
-0.598 -0.142 -0.236 10
-0.693 -0.205 -0.428 11
-0.745 -0.262 -0.48 10
-0.765 -0.314 -0.604 10
-0.749 -0.351 -0.699 9
-0.682 -0.411 -0.741 10
-0.597 -0.396 -0.71 11
-0.494 -0.39 -0.673 10
-0.358 -0.377 -0.692 9
-0.21 -0.426 -0.726 10
-0.146 -0.417 -0.809 10
-0.123 -0.376 -0.995 11
-0.145 -0.321 -1.188 10
-0.182 -0.246 -1.38 9
-0.216 -0.161 -1.457 10
-0.22 -0.067 -1.432 10
-0.241 0.042 -1.427 11
-0.234 0.15 -1.319 10
-0.236 0.221 -1.152 9
-0.213 0.251 -0.977 10
-0.217 0.243 -0.775 10
-0.221 0.296 -0.655 11
-0.027 0.275 -0.736 10
0.044 0.179 -0.352 9
-0.21 0.324 0.019 10
-0.447 0.68 0.353 11
-0.506 0.982 0.654 10
-0.421 1.125 0.907 9
-0.154 1.082 1.084 10
0.196 0.948 1.234 11
0.452 0.844 1.533 9
0.519 0.743 1.819 10
0.545 0.556 2.059 11
0.533 0.354 2.077 10
0.454 0.138 1.973 9
0.34 -0.005 1.879 10
0.176 -0.013 1.665 11
-0.013 0.048 1.369 10
-0.158 0.112 1.069 10
-0.254 0.127 0.815 10
-0.306 0.114 0.63 9
-0.301 0.051 0.446 10
-0.349 -0.074 0.462 11
-0.4 -0.196 0.597 10
-0.317 -0.357 0.83 9
-0.233 -0.735 1.049 10
-0.288 -1.179 0.944 11
-0.466 -1.371 0.832 10
-0.686 -1.363 0.766 10
-0.868 -1.27 0.741 10
-0.927 -1.134 0.736 9
-0.783 -1.021 0.688 11
-0.558 -1.022 0.628 10
-0.347 -1.032 0.479 9
-0.235 -1.041 0.276 10
-0.202 -1.04 0.015 11
-0.243 -1.039 -0.218 10
-0.382 -0.961 -0.446 9
-0.507 -0.831 -0.72 11
-0.646 -0.739 -0.924 10
-0.763 -0.656 -1.056 9
-0.824 -0.539 -1.114 11
-0.699 -0.425 -1.054 10
-0.456 -0.391 -1.0 10
-0.23 -0.395 -0.892 10
-0.103 -0.416 -0.768 10
-0.015 -0.383 -0.769 10
-0.031 -0.37 -0.726 10
-0.097 -0.333 -0.757 10
-0.156 -0.282 -0.767 10
-0.209 -0.28 -0.768 10
-0.274 -0.269 -0.7 9
-0.221 -0.277 -0.587 11
-0.13 -0.301 -0.425 9
-0.1 -0.331 -0.287 10
-0.021 -0.263 -0.172 11
0.092 -0.211 -0.026 10
0.187 -0.164 0.105 9
0.332 -0.001 0.207 11
0.497 0.188 0.47 10
0.559 0.298 0.639 9
0.727 0.38 0.79 11
0.896 0.36 0.909 9
0.961 0.341 0.956 11
1.02 0.358 0.964 10
1.108 0.374 0.937 9
1.212 0.406 0.92 11
1.358 0.443 0.932 9
1.464 0.493 0.839 11
1.498 0.444 0.677 10
1.512 0.287 0.54 10
1.464 0.069 0.452 9
1.439 -0.17 0.234 10
1.527 -0.437 -0.09 11
1.616 -0.471 -0.452 10
1.515 -0.45 -0.553 9
1.286 -0.482 -0.489 11
1.019 -0.443 -0.423 9
0.745 -0.329 -0.311 11
0.593 -0.141 -0.194 10
0.344 0.105 -0.114 10
0.111 0.379 0.069 10
-0.011 0.548 0.234 10
-0.045 0.622 0.383 10
-0.126 0.637 0.414 10
-0.234 0.651 0.338 9
-0.262 0.603 0.106 11
-0.271 0.5 -0.206 9
-0.269 0.398 -0.521 11
-0.311 0.35 -0.865 10
-0.375 0.401 -1.132 9
-0.337 0.464 -1.321 11
-0.329 0.443 -1.447 9
-0.322 0.425 -1.501 11
-0.325 0.408 -1.514 10
-0.352 0.402 -1.475 9
-0.377 0.379 -1.465 11
-0.46 0.393 -1.353 9
-0.526 0.431 -1.192 11
-0.586 0.483 -0.969 9
-0.639 0.538 -0.726 10
-0.61 0.561 -0.541 10
-0.523 0.514 -0.315 10
-0.445 0.428 -0.007 11
-0.366 0.368 0.174 9
-0.286 0.348 0.182 10
-0.249 0.262 0.207 11
-0.232 0.132 0.152 9
-0.261 0.058 0.024 11
-0.364 0.053 -0.167 10
-0.448 0.021 -0.374 9
-0.507 -0.04 -0.518 11
-0.465 -0.079 -0.595 9
-0.401 -0.183 -0.699 11
-0.352 -0.286 -0.767 10
-0.351 -0.335 -0.734 9
-0.385 -0.275 -0.634 10
-0.493 -0.196 -0.467 10
-0.607 -0.064 -0.343 10
-0.754 0.105 -0.154 11
-0.885 0.258 -0.086 10
-0.995 0.431 -0.086 10
-1.033 0.543 -0.035 10
-0.981 0.514 -0.04 10
-0.763 0.394 -0.062 10
-0.54 0.191 -0.064 9
-0.417 0.008 -0.04 11
-0.53 -0.061 -0.071 10
-0.701 -0.064 -0.107 10
-0.898 -0.031 -0.07 10
-1.058 0.031 0.005 9
-1.202 0.114 0.056 11
-1.211 0.241 0.197 9
-1.056 0.467 0.496 11
-0.76 0.609 0.852 9
-0.253 0.523 1.223 11
0.262 0.229 1.558 10
0.676 -0.146 1.695 10
0.944 -0.52 1.879 9
0.97 -0.735 1.855 10
0.813 -0.808 1.6 11
0.576 -0.796 1.216 10
0.32 -0.699 0.715 10
0.263 -0.56 0.307 10
0.297 -0.461 0.096 9
0.353 -0.415 -0.06 10
0.473 -0.391 -0.079 11
0.607 -0.498 0.057 10
0.606 -0.552 0.172 9
0.589 -0.531 0.241 11
0.538 -0.417 0.268 10
0.433 -0.272 0.259 10
0.381 -0.141 0.216 10
0.386 -0.007 0.142 10
0.442 0.028 0.119 9
0.484 -0.009 0.15 11
0.591 -0.059 0.282 10
0.669 -0.114 0.417 10
0.801 -0.292 0.514 9
0.927 -0.521 0.385 11
1.016 -0.581 0.182 10
0.983 -0.489 0.0 10
0.936 -0.422 -0.085 9
0.903 -0.449 -0.163 10
0.933 -0.473 -0.224 11
0.952 -0.521 -0.305 10
0.874 -0.52 -0.43 10
0.786 -0.52 -0.507 9
0.665 -0.537 -0.551 10
0.521 -0.569 -0.548 10
0.391 -0.633 -0.519 11
0.472 -0.673 -0.484 10
0.58 -0.821 -0.548 9
0.522 -1.023 -0.682 10
0.418 -1.068 -0.7 11
0.273 -0.918 -0.535 10
0.108 -0.697 -0.378 10
-0.04 -0.489 -0.168 10
-0.174 -0.319 0.046 9
-0.286 -0.158 0.274 10
-0.412 0.046 0.548 11
-0.518 0.223 1.019 10
-0.38 0.528 1.072 10
-0.342 0.475 0.956 9
-0.187 0.54 0.749 11
-0.099 0.908 0.484 10
0.074 1.17 0.272 10
0.196 1.372 0.133 10
0.262 1.494 0.024 9
0.322 1.594 0.013 11
0.35 1.633 0.029 10
0.281 1.556 0.069 10
0.132 1.435 0.071 9
-0.044 1.334 0.133 11
-0.307 1.27 0.223 9
-0.535 1.194 0.252 11
-0.654 1.066 0.184 10
-0.786 0.916 0.019 9
-0.889 0.764 -0.094 11
-0.946 0.662 -0.231 9
-0.921 0.553 -0.38 11
-0.768 0.36 -0.592 10
-0.64 0.143 -0.86 9
-0.593 0.016 -1.076 10
-0.594 -0.028 -1.21 10
-0.552 -0.059 -1.347 11
-0.453 -0.053 -1.35 10
-0.27 -0.074 -1.293 10
0.049 -0.135 -1.112 9
0.38 -0.217 -0.828 11
0.868 -0.186 -0.314 10
1.117 -0.193 0.147 10
1.161 -0.295 0.382 9
0.803 -0.386 0.465 11
0.016 -0.235 0.435 10
-0.683 -0.013 0.194 10
-1.218 -0.038 -0.092 10
-1.527 -0.241 -0.479 9
-1.598 -0.372 -0.707 10
-1.55 -0.421 -0.869 11
-1.447 -0.473 -0.954 10
-1.268 -0.478 -0.911 10
-1.167 -0.43 -0.889 10
-1.162 -0.318 -0.869 10
-1.063 -0.131 -0.592 10
-0.853 0.071 -0.188 9
-0.621 0.072 0.209 11
-0.335 -0.003 0.585 10
-0.043 -0.063 0.854 9
0.21 -0.117 1.001 11
0.448 -0.148 1.09 10
0.61 -0.22 1.042 10
0.738 -0.267 0.998 9
0.837 -0.343 0.872 10
0.951 -0.49 0.862 11
1.037 -0.605 0.836 9
1.132 -0.553 0.917 11
1.191 -0.411 1.083 10
1.279 -0.336 1.311 9
1.409 -0.328 1.439 10
1.561 -0.424 1.45 11
1.586 -0.615 1.339 10
1.574 -0.803 1.093 10
1.486 -0.912 0.725 9
1.277 -0.933 0.265 11
0.959 -0.805 -0.123 10
0.622 -0.561 -0.369 9
0.534 -0.341 -0.504 11
0.558 -0.359 -0.54 9
0.571 -0.573 -0.555 10
0.669 -0.739 -0.482 11
0.697 -0.855 -0.356 10
0.713 -0.925 -0.234 9
0.556 -0.961 -0.306 10
0.371 -0.857 -0.344 10
0.179 -0.685 -0.336 11
0.074 -0.487 -0.276 10
0.127 -0.335 -0.136 9
0.287 -0.396 -0.157 10
0.387 -0.718 -0.262 10
0.306 -0.94 -0.451 11
0.051 -0.923 -0.613 10
-0.315 -0.736 -0.784 9
-0.542 -0.499 -0.818 10
-0.833 -0.181 -0.719 10
-0.93 0.336 -0.595 11
-0.837 0.914 -0.337 10
-0.633 1.288 0.213 10
-0.328 1.34 0.7 10
0.031 1.206 1.061 9
0.39 1.094 1.239 11
0.575 0.967 1.175 10
0.621 0.879 1.023 9
0.559 0.886 0.697 10
0.46 0.987 0.265 10
0.319 1.138 -0.071 11
0.184 1.274 -0.383 10
0.036 1.371 -0.68 10
-0.174 1.354 -1.052 9
-0.467 1.314 -1.334 10
-0.954 1.2 -1.477 11
-1.54 1.252 -1.476 10
-2.075 1.609 -1.25 10
-2.704 2.095 -0.608 9
-2.752 2.713 -0.004 10
-2.279 2.898 1.004 11
-1.215 2.453 1.981 10
0.0 1.398 2.377 10
1.173 0.206 2.096 9
1.857 -0.727 1.542 10
1.973 -1.249 0.698 11
1.448 -1.357 -0.31 10
0.665 -1.083 -1.262 10
-0.124 -0.828 -1.86 9
-0.784 -0.72 -2.432 10
-1.3 -0.742 -2.887 10
-1.627 -0.806 -2.952 11
-1.887 -0.906 -2.941 10
-2.0 -0.936 -2.535 9
-1.989 -0.877 -1.781 10
-1.928 -0.807 -0.888 10
-1.753 -0.829 0.01 11
-1.551 -0.876 0.811 9
-1.284 -0.917 1.238 10
-0.828 -1.006 1.356 10
-0.357 -1.242 1.298 10
0.091 -1.385 1.28 10
0.461 -1.203 1.307 11
0.51 -0.807 1.185 10
0.304 -0.39 1.04 10
0.178 -0.015 0.764 9
0.048 0.227 0.498 11
-0.007 0.42 0.224 10
-0.041 0.636 0.158 9
-0.088 0.762 0.16 10
-0.054 0.876 0.204 10
0.089 0.883 0.347 11
0.252 0.777 0.502 10
0.391 0.613 0.616 9
0.472 0.552 0.606 11
0.537 0.479 0.571 9
0.612 0.302 0.479 11
0.663 0.151 0.311 10
0.597 0.153 0.202 10
0.391 0.259 0.121 10
0.274 0.276 0.04 9
0.264 0.136 0.131 11
0.211 0.019 0.359 10
0.216 -0.085 0.642 9
0.384 -0.094 1.009 11
0.639 -0.179 1.149 9
0.963 -0.42 1.06 11
1.202 -0.783 0.825 10
1.272 -1.127 0.527 9
1.17 -1.428 0.19 11
0.89 -1.587 -0.268 9
0.499 -1.678 -0.698 11
0.233 -1.639 -0.99 10
0.072 -1.493 -1.219 10
-0.003 -1.395 -1.269 10
0.039 -1.299 -1.237 9
0.234 -1.229 -1.105 11
0.426 -1.192 -0.873 10
0.59 -1.159 -0.683 10
0.738 -1.138 -0.519 9
0.828 -1.033 -0.209 10
0.753 -0.817 0.018 11
0.687 -0.563 0.223 10
0.609 -0.49 0.252 9
0.385 -0.51 0.141 11
0.174 -0.45 0.066 9
-0.058 -0.25 -0.094 11
-0.319 0.041 -0.206 10
-0.537 0.46 -0.168 10
-0.656 0.896 0.02 10
-0.625 1.401 0.044 9
-0.416 1.727 0.29 11
-0.193 1.838 0.752 10
0.101 1.853 1.202 9
0.599 1.745 1.686 11
0.988 1.432 1.853 9
1.337 1.16 1.719 11
1.514 1.035 1.323 9
1.491 1.044 0.846 11
1.239 1.181 0.365 9
0.848 1.433 -0.067 10
0.478 1.669 -0.276 11
0.172 1.743 -0.291 10
-0.068 1.716 -0.124 10
-0.32 1.647 0.068 10
-0.555 1.526 0.26 9
-0.784 1.321 0.337 11
-0.999 1.129 0.26 10
-1.209 0.921 0.079 10
-1.381 0.665 -0.247 10
-1.536 0.426 -0.644 9
-1.684 0.211 -0.976 11
-1.766 0.018 -1.241 10
-1.813 -0.225 -1.513 9
-1.787 -0.366 -1.689 10
-1.668 -0.407 -1.71 11
-1.467 -0.53 -1.66 10
-1.131 -0.666 -1.631 10
-0.759 -0.781 -1.468 9
-0.476 -0.858 -1.106 10
-0.291 -0.918 -0.875 11
-0.124 -1.051 -0.718 10
-0.111 -1.178 -0.534 9
-0.247 -1.069 -0.231 11
-0.472 -0.781 -0.001 9
-0.494 -0.72 0.179 11
-0.41 -0.855 0.239 10
-0.343 -0.968 0.284 9
-0.455 -0.957 0.419 10
-0.651 -0.758 0.455 10
-0.68 -0.398 0.556 11
-0.69 -0.168 0.586 10
-0.595 -0.013 0.528 9
-0.441 0.116 0.535 10
-0.422 0.243 0.68 10
-0.458 0.373 0.879 11
-0.438 0.5 1.041 10
-0.411 0.596 1.152 9
-0.361 0.709 1.149 10
-0.196 0.785 0.948 10
-0.012 0.827 0.741 11
0.152 0.839 0.512 10
0.438 0.841 0.271 9
0.696 0.826 0.14 11
0.902 0.804 0.144 9
1.079 0.766 0.164 11
1.255 0.646 0.216 10
1.38 0.513 0.151 9
1.38 0.375 0.093 10
1.285 0.208 0.041 10
1.044 -0.079 -0.169 11
0.569 -0.372 -0.411 10
0.081 -0.473 -0.551 9
-0.262 -0.546 -0.668 10
-0.555 -0.716 -0.73 10
-0.784 -0.791 -0.881 11
-0.869 -0.755 -1.086 10
-0.842 -0.722 -1.133 10
-0.612 -0.693 -1.063 10
-0.223 -0.693 -0.922 10
0.238 -0.761 -0.752 9
0.662 -0.823 -0.711 11
0.993 -0.835 -0.666 10
1.247 -0.829 -0.642 9
1.415 -0.858 -0.604 11
1.48 -0.876 -0.707 10
1.513 -0.814 -0.731 10
1.431 -0.569 -0.796 10
1.262 -0.34 -1.018 9
1.127 -0.297 -1.132 11
0.945 -0.198 -1.079 10
0.756 0.01 -0.747 10
0.585 0.225 -0.396 9
0.423 0.349 -0.098 10
0.062 0.374 0.325 10
-0.434 0.345 0.904 10
-0.667 0.354 1.21 11
-0.876 0.18 1.425 10
-0.969 -0.061 1.36 9
-0.743 -0.33 0.845 11
-0.341 -0.504 0.441 10
-0.066 -0.393 0.208 10
-0.05 0.171 0.135 9
0.143 0.964 0.259 10
-0.129 1.428 0.371 11
-0.34 1.819 0.55 10
-0.366 2.12 0.676 10
-0.312 2.08 0.875 9
-0.203 1.708 1.262 11
-0.036 1.331 1.506 10
0.173 0.922 1.528 10
0.294 0.485 1.435 10
0.29 0.16 1.171 9
0.149 0.032 0.761 11
-0.063 -0.03 0.28 10
-0.272 0.006 -0.221 10
-0.512 0.1 -0.561 10
-0.745 0.289 -0.746 9
-0.947 0.527 -0.784 10
-1.024 0.776 -0.628 11
-1.025 0.879 -0.384 10
-0.854 0.8 -0.233 10
-0.527 0.453 -0.219 9
-0.267 0.011 -0.18 10
-0.18 -0.3 -0.334 10
-0.145 -0.459 -0.49 11
-0.242 -0.56 -0.596 10
-0.416 -0.547 -0.666 9
-0.694 -0.44 -0.987 21
-0.762 -0.353 -0.906 9
-0.841 -0.266 -0.841 11
-0.869 -0.231 -0.851 9
-0.808 -0.328 -0.835 11
-0.753 -0.52 -0.872 9
-0.729 -0.614 -1.009 10
-0.786 -0.604 -1.184 11
-0.845 -0.501 -1.367 10
-0.924 -0.468 -1.506 9
-0.952 -0.438 -1.631 11
-0.978 -0.369 -1.71 10
-1.018 -0.271 -1.564 10
-0.976 -0.158 -1.339 9
-0.784 -0.133 -1.084 11
-0.498 -0.249 -0.847 9
-0.078 -0.302 -0.607 11
0.377 -0.289 -0.537 10
0.693 -0.303 -0.311 9
0.899 -0.187 0.072 10
1.042 0.09 0.272 11
1.11 0.27 0.4 10
0.965 0.364 0.532 10
0.678 0.5 0.608 9
0.197 0.657 0.53 10
-0.563 1.056 0.52 11
-1.188 1.683 0.701 10
-1.552 2.041 1.2 10
-1.87 1.871 1.373 9
-1.726 1.468 1.77 10
-1.381 1.037 2.084 11
-0.786 0.494 2.496 10
-0.139 0.065 2.772 10
0.469 -0.216 2.771 10
0.861 -0.427 2.718 9
0.965 -0.591 2.437 11
0.808 -0.567 2.073 9
0.538 -0.338 1.84 11
0.286 -0.157 1.535 9
0.205 -0.124 1.312 11
0.262 -0.112 1.19 10
0.495 -0.152 0.967 10
0.893 -0.352 0.81 10
1.218 -0.593 0.721 9
1.397 -0.827 0.528 11
1.473 -1.046 0.259 10
1.326 -1.191 -0.179 10
1.021 -1.192 -0.523 10
0.651 -1.03 -0.85 9
0.405 -0.815 -1.127 11
0.244 -0.777 -1.169 10
0.116 -0.776 -1.216 10
0.07 -0.802 -1.258 10
0.08 -0.825 -1.253 10
0.115 -0.924 -1.352 10
0.086 -0.961 -1.492 10
0.086 -0.847 -1.61 10
0.129 -0.616 -1.742 10
0.185 -0.373 -1.827 10
0.218 -0.155 -1.877 10
0.274 0.015 -1.792 10
0.385 0.143 -1.673 10
0.596 0.197 -1.325 10
0.829 0.246 -0.942 10
1.014 0.273 -0.615 9
1.231 0.306 -0.295 10
1.349 0.233 -0.007 10
1.344 0.192 0.062 11
1.209 0.224 0.055 9
0.993 0.305 0.058 11
0.791 0.24 0.027 10
0.668 0.19 -0.027 9
0.567 0.275 0.027 11
0.484 0.316 0.067 10
0.488 0.276 0.207 10
0.516 0.205 0.333 9
0.516 0.098 0.411 10
0.422 0.08 0.43 11
0.259 0.253 0.275 10
0.052 0.4 0.153 9
0.012 0.429 0.008 10
0.08 0.403 0.025 11
0.253 0.432 0.126 10
0.503 0.423 0.26 10
0.841 0.294 0.518 10
1.05 0.196 0.837 9
1.083 0.09 1.063 11
0.983 -0.047 1.215 9
0.781 -0.12 1.249 11
0.47 -0.108 1.271 10
0.087 -0.037 1.195 10
-0.3 0.052 0.998 9
-0.546 0.055 0.89 10
-0.689 0.084 0.809 11
-0.741 0.119 0.711 10
-0.676 0.116 0.614 9
-0.513 0.061 0.518 10
-0.332 -0.039 0.389 11
-0.178 -0.052 0.255 10
-0.049 -0.03 0.109 10
-0.009 0.024 -0.108 10
0.025 0.151 -0.27 9
0.074 0.162 -0.363 10
0.11 0.111 -0.491 11
0.151 0.057 -0.571 10
0.118 -0.043 -0.712 10
0.029 -0.142 -0.822 9
-0.033 -0.197 -0.964 10
-0.039 -0.237 -1.272 11
-0.017 -0.222 -1.145 10
0.061 -0.174 -1.099 10
0.158 -0.113 -1.05 9
0.237 -0.025 -0.971 10
0.36 0.149 -0.882 11
0.393 0.324 -0.828 10
0.328 0.507 -0.814 9
0.217 0.637 -0.819 10
0.058 0.694 -0.815 10
-0.077 0.745 -0.725 11
-0.155 0.783 -0.488 10
-0.346 0.886 -0.181 10
-0.312 0.797 0.259 9
-0.324 0.933 0.758 11
-0.11 0.839 1.2 10
0.098 0.583 1.614 10
0.209 0.344 1.772 9
0.085 0.059 1.767 10
-0.319 -0.153 1.978 11
-0.71 -0.129 1.961 10
-0.751 -0.107 1.73 10
-0.495 -0.243 1.35 9
-0.092 -0.331 1.017 10
0.158 -0.108 0.795 11
0.297 0.23 0.655 10
0.44 0.232 0.624 9
0.335 -0.092 0.501 10
0.129 -0.496 0.408 11
-0.322 -0.843 0.358 10
-0.764 -1.095 0.288 10
-1.024 -1.287 0.199 9
-1.137 -1.356 0.084 10
-1.118 -1.316 -0.027 11
-0.928 -1.193 -0.093 10
-0.663 -1.116 -0.222 9
-0.442 -1.074 -0.234 10
-0.337 -1.035 -0.288 10
-0.338 -0.906 -0.371 10
-0.382 -0.858 -0.429 11
-0.386 -0.876 -0.472 9
-0.443 -0.9 -0.537 10
-0.364 -0.784 -0.578 11
-0.181 -0.706 -0.537 9
0.069 -0.687 -0.423 11
0.364 -0.713 -0.226 10
0.543 -0.693 0.02 9
0.626 -0.701 0.19 11
0.615 -0.717 0.318 10
0.545 -0.809 0.303 10
0.491 -0.858 0.273 10
0.467 -0.91 0.202 10
0.455 -0.974 0.07 9
0.496 -1.014 -0.048 10
0.55 -1.085 -0.043 11
0.469 -0.977 -0.056 10
0.379 -0.776 0.018 10
0.332 -0.569 0.145 9
0.42 -0.477 0.277 11
0.567 -0.481 0.387 10
0.734 -0.493 0.297 10
0.876 -0.496 0.172 10
0.961 -0.429 0.077 9
0.977 -0.351 -0.033 11
0.957 -0.282 -0.28 10
0.896 -0.271 -0.467 10
0.789 -0.278 -0.653 10
0.736 -0.25 -0.751 9
0.731 -0.113 -0.599 11
0.882 -0.016 -0.418 10
1.104 -0.074 -0.273 10
1.131 -0.153 -0.314 9
1.01 -0.138 -0.473 10
0.728 -0.089 -0.572 11
0.319 -0.02 -0.67 9
-0.169 0.153 -0.801 10
-0.583 0.405 -0.824 10
-0.887 0.701 -0.716 10
-1.057 0.95 -0.48 11
-1.037 1.148 -0.251 10
-0.942 1.309 0.023 9
-0.736 1.376 0.21 10
-0.507 1.376 0.249 10
-0.344 1.385 0.25 11
-0.241 1.479 0.234 10
-0.148 1.59 0.159 9
0.039 1.612 0.22 10
0.155 1.597 0.25 10
0.14 1.627 0.311 11
0.057 1.706 0.34 10
-0.094 1.759 0.332 9
-0.249 1.773 0.385 10
-0.413 1.794 0.476 11
-0.527 1.769 0.549 10
-0.621 1.67 0.597 9
-0.636 1.563 0.615 11
-0.599 1.381 0.614 9
-0.539 1.217 0.535 10
-0.502 1.035 0.326 11
-0.486 0.862 0.113 10
-0.524 0.75 -0.096 10
-0.626 0.718 -0.284 10
-0.762 0.664 -0.463 9
-0.824 0.528 -0.589 10
-0.784 0.303 -0.728 11
-0.663 0.109 -0.793 9
-0.355 -0.125 -0.8 10
0.041 -0.44 -0.685 11
0.391 -0.784 -0.677 10
0.541 -1.128 -0.773 9
0.366 -1.274 -0.877 10
-0.092 -1.198 -0.918 10
-0.625 -0.949 -1.042 11
-1.08 -0.811 -1.076 10
-1.368 -0.73 -1.046 10
-1.507 -0.7 -0.812 9
-1.503 -0.862 -0.437 11
-1.353 -1.138 -0.101 10
-1.148 -1.481 0.167 9
-0.956 -1.712 0.521 11
-0.981 -1.679 0.512 9
-1.055 -1.476 0.392 11
-1.165 -1.199 0.232 10
-1.299 -0.838 -0.04 10
-1.324 -0.435 -0.209 10
-1.26 -0.099 -0.222 9
-1.048 0.031 -0.105 11
-0.598 0.088 0.292 10
-0.056 0.2 0.858 9
0.621 0.275 1.28 11
1.266 0.213 1.497 9
1.777 0.088 1.511 11
2.108 -0.075 1.334 9
2.199 -0.085 1.097 10
2.048 0.052 0.729 11
1.817 0.245 0.466 9
1.566 0.402 0.187 11
1.358 0.396 -0.038 9
1.144 0.313 -0.12 10
1.013 0.127 0.012 11
0.989 -0.17 0.441 9
0.873 -0.437 0.733 11
0.82 -0.678 0.927 9
0.712 -0.886 1.024 11
0.503 -0.987 0.766 10
0.289 -0.905 0.431 10
0.182 -0.737 0.147 10
0.086 -0.594 -0.203 10
0.06 -0.543 -0.502 9
0.054 -0.618 -0.693 11
0.083 -0.737 -0.839 10
0.023 -0.827 -0.919 9
-0.056 -0.883 -1.034 10
-0.119 -0.924 -1.206 11
-0.142 -0.96 -1.232 10
-0.015 -0.994 -1.109 10
0.192 -0.955 -0.679 9
0.182 -0.756 -0.335 10
0.181 -0.508 -0.069 11
0.145 -0.362 -0.114 10
0.079 -0.386 -0.283 10
0.002 -0.416 -0.444 9
-0.092 -0.375 -0.624 11
-0.229 -0.191 -0.743 10
-0.284 0.043 -0.772 10
-0.324 0.358 -0.712 9
-0.301 0.658 -0.503 11
-0.219 0.894 -0.237 10
-0.111 1.071 -0.032 10
-0.048 1.154 0.134 10
0.016 1.202 0.37 9
0.118 1.228 0.506 11
0.158 1.235 0.49 10
0.116 1.266 0.38 10
0.061 1.355 0.308 9
-0.004 1.495 0.208 11
-0.055 1.604 0.127 10
-0.076 1.677 0.036 10
-0.042 1.681 0.007 10
0.039 1.617 -0.027 9
0.069 1.455 0.018 11
0.097 1.352 0.171 10
0.035 1.243 0.257 10
-0.01 1.179 0.335 10
-0.026 1.113 0.275 9
-0.076 1.019 0.17 11
-0.12 0.865 0.041 10
-0.159 0.727 -0.048 10
-0.273 0.602 -0.061 9
-0.375 0.551 -0.037 11
-0.501 0.564 -0.033 10
-0.64 0.577 -0.073 10
-0.74 0.597 -0.04 9
-0.83 0.606 -0.148 10
-0.928 0.571 -0.211 11
-1.007 0.54 -0.293 10
-0.993 0.529 -0.384 10
-0.893 0.45 -0.423 9
-0.761 0.336 -0.493 11
-0.599 0.302 -0.478 10
-0.392 0.289 -0.422 10
-0.241 0.174 -0.414 9
-0.139 0.036 -0.416 10
-0.168 -0.122 -0.426 11
-0.298 -0.222 -0.495 10
-0.484 -0.268 -0.575 9
-0.642 -0.293 -0.638 10
-0.716 -0.35 -0.695 11
-0.722 -0.41 -0.737 9
-0.675 -0.481 -0.603 11
-0.496 -0.596 -0.353 9
-0.179 -0.916 -0.059 10
0.028 -1.324 0.032 11
-0.034 -1.631 -0.005 9
-0.298 -1.804 -0.108 11
-0.691 -1.891 -0.338 10
-0.966 -1.823 -0.434 10
-1.102 -1.494 -0.399 9
-1.32 -1.137 -0.299 11
-1.343 -0.731 -0.2 10
-1.243 -0.433 -0.016 10
-1.075 -0.399 0.252 9
-0.821 -0.419 0.39 11
-0.558 -0.377 0.679 10
-0.347 -0.244 0.878 10
-0.149 -0.151 0.928 9
-0.004 -0.093 0.853 10
0.185 -0.032 0.931 11
0.451 0.022 0.993 10
0.638 0.011 1.083 10
0.798 0.002 1.285 9
0.9 0.122 1.32 11
0.93 0.265 1.266 9
1.061 0.385 1.122 11
1.196 0.476 1.001 9
1.37 0.549 0.832 11
1.465 0.511 0.714 10
1.465 0.443 0.651 10
1.379 0.407 0.612 10
1.276 0.332 0.663 10
1.131 0.221 0.769 10
1.044 0.078 0.882 10
1.025 -0.067 0.974 9
1.026 -0.25 1.023 11
0.932 -0.362 0.826 10
0.779 -0.43 0.528 10
0.649 -0.404 0.234 10
0.549 -0.346 -0.039 10
0.426 -0.286 -0.285 10
0.374 -0.248 -0.403 10
0.302 -0.232 -0.5 10
0.22 -0.252 -0.579 9
0.086 -0.296 -0.599 11
-0.059 -0.309 -0.599 10
-0.234 -0.287 -0.591 9
-0.34 -0.318 -0.644 10
-0.435 -0.424 -0.752 11
-0.495 -0.511 -0.823 10
-0.497 -0.417 -0.861 9
-0.336 -0.323 -0.767 11
-0.181 -0.308 -0.699 9
-0.129 -0.286 -0.723 11
-0.098 -0.18 -0.832 10
-0.201 -0.041 -0.964 10
-0.336 0.126 -1.066 10
-0.449 0.268 -1.08 9
-0.55 0.371 -1.032 10
-0.616 0.428 -0.851 11
-0.623 0.437 -0.447 9
-0.656 0.54 -0.187 11
-0.676 0.615 0.029 9
-0.617 0.683 0.095 10
-0.512 0.735 0.051 11
-0.332 0.739 -0.005 10
-0.143 0.82 -0.082 10
-0.017 0.876 -0.177 9
0.113 0.84 -0.228 11
0.171 0.722 -0.292 10
0.162 0.658 -0.331 10
0.103 0.661 -0.315 9
0.041 0.681 -0.387 10
-0.049 0.691 -0.435 11
-0.156 0.699 -0.46 10
-0.183 0.741 -0.328 10
-0.251 0.745 -0.217 10
-0.226 0.73 -0.187 10
-0.212 0.718 -0.22 10
-0.216 0.68 -0.293 10
-0.229 0.612 -0.384 10
-0.275 0.534 -0.415 10
-0.368 0.472 -0.459 10
-0.487 0.416 -0.568 10
-0.662 0.4 -0.744 9
-0.906 0.481 -0.877 10
-1.126 0.665 -1.039 11
-1.323 0.875 -1.056 10
-1.424 1.02 -1.053 9
-1.316 1.142 -1.051 10
-1.055 1.174 -0.869 10
-0.587 1.117 -0.816 10
0.022 1.022 -0.605 11
0.442 0.791 -0.39 9
0.915 0.557 -0.256 10
1.194 0.268 0.053 10
1.247 -0.068 0.513 11
1.148 -0.294 0.927 9
0.844 -0.342 1.197 11
0.483 -0.282 1.344 10
0.185 -0.271 1.304 9
-0.186 -0.304 1.312 11
-0.572 -0.36 1.198 10
-0.912 -0.47 1.044 10
-1.225 -0.57 0.81 10
-1.473 -0.789 0.6 9
-1.542 -1.097 0.376 11
-1.577 -1.41 0.192 10
-1.669 -1.562 0.069 10
-1.778 -1.432 0.14 9
-1.867 -1.211 0.324 11
-1.879 -1.012 0.507 10
-1.777 -0.842 0.551 9
-1.539 -0.758 0.453 10
-1.075 -0.673 0.39 10
-0.485 -0.692 0.368 11
0.149 -0.881 0.443 10
0.643 -1.069 0.382 9
1.001 -1.1 0.464 11
1.013 -0.921 0.521 9
0.773 -0.605 0.607 10
0.437 -0.251 0.788 11
0.256 0.083 0.717 10
0.196 0.256 0.723 10
0.176 0.377 0.685 9
0.279 0.408 0.634 11
0.527 0.281 0.648 10
0.681 0.098 0.807 10
0.673 -0.084 0.899 10
0.623 -0.161 0.964 9
0.552 -0.145 0.971 11
0.54 -0.182 0.908 10
0.607 -0.371 0.774 9
0.692 -0.472 0.576 11
0.761 -0.468 0.372 10
0.78 -0.472 0.24 10
0.805 -0.477 0.078 10
0.906 -0.446 -0.075 10
1.108 -0.54 -0.232 10
1.29 -0.641 -0.432 10
1.463 -0.577 -0.596 9
1.67 -0.571 -0.571 11
1.753 -0.755 -0.479 10
1.715 -0.843 -0.293 9
1.509 -0.759 -0.1 11
1.203 -0.778 0.004 10
0.859 -0.976 -0.108 10
0.531 -1.128 -0.364 10
0.185 -1.144 -0.698 10
-0.125 -1.039 -1.042 10
-0.328 -0.754 -1.196 10
-0.339 -0.411 -1.206 10
-0.175 -0.172 -1.163 9
0.057 -0.129 -0.995 10
0.18 -0.073 -0.809 11
0.136 0.106 -0.582 10
0.011 0.259 -0.42 10
-0.257 0.414 -0.404 9
-0.567 0.614 -0.338 11
-0.812 0.897 -0.243 10
-0.929 1.101 -0.004 10
-1.017 1.258 0.151 10
-0.976 1.391 0.257 9
-0.792 1.501 0.239 11
-0.497 1.661 0.207 10
-0.197 1.909 0.169 10
0.054 2.27 0.247 9
0.281 2.474 0.325 11
0.538 2.459 0.448 10
0.751 2.273 0.524 10
0.874 1.994 0.566 10
0.83 1.631 0.639 10
0.643 1.295 0.575 10
0.398 1.08 0.354 10
0.125 0.972 0.051 9
-0.059 1.012 -0.281 11
-0.165 0.989 -0.597 10
-0.174 0.924 -0.831 10
-0.234 0.849 -0.782 10
-0.254 0.695 -0.514 20
-0.323 0.496 -0.29 10
-0.429 0.326 -0.115 9
-0.498 0.164 -0.112 11
-0.612 0.044 -0.187 10
-0.706 -0.046 -0.392 10
-0.747 -0.136 -0.603 10
-0.724 -0.26 -0.861 10
-0.617 -0.415 -1.068 10
-0.461 -0.606 -1.168 9
-0.32 -0.744 -1.163 11
-0.184 -0.833 -1.125 10
-0.088 -1.008 -1.047 10
-0.079 -1.175 -0.959 10
-0.14 -1.238 -0.837 9
-0.255 -1.183 -0.788 10
-0.282 -1.117 -0.83 11
-0.305 -1.091 -0.902 10
-0.378 -1.025 -0.855 10
-0.487 -0.828 -0.649 10
-0.714 -0.65 -0.506 9
-0.78 -0.447 -0.318 11
-0.857 -0.333 -0.131 10
-0.884 -0.222 0.002 9
-0.821 -0.14 0.338 11
-0.739 -0.221 0.649 9
-0.613 -0.242 0.825 11
-0.397 -0.166 0.915 10
-0.167 -0.149 0.91 9
0.029 -0.074 0.819 11
0.207 0.036 0.685 9
0.333 0.127 0.565 10
0.481 0.244 0.431 11
0.64 0.323 0.327 10
0.757 0.325 0.269 9
0.758 0.31 0.104 10
0.683 0.33 0.033 11
0.511 0.418 0.064 10
0.339 0.497 0.118 10
0.219 0.49 0.218 9
0.059 0.441 0.326 10
-0.101 0.38 0.422 11
-0.169 0.333 0.57 10
-0.177 0.248 0.59 9
-0.151 0.128 0.497 10
-0.11 0.029 0.3 10
-0.082 0.009 0.219 10
-0.065 -0.034 0.119 10
0.01 -0.048 0.081 11
0.069 -0.112 0.108 10
0.174 -0.187 0.131 9
0.217 -0.297 0.109 11
0.169 -0.362 0.081 10
0.023 -0.361 -0.021 10
-0.168 -0.35 -0.105 10
-0.341 -0.255 -0.18 10
-0.401 -0.117 -0.24 10
-0.404 -0.028 -0.233 10
-0.312 0.112 -0.21 10
-0.091 0.161 -0.068 10
0.141 0.119 0.015 10
0.42 -0.004 0.1 9
0.714 -0.142 0.133 11
0.849 -0.205 0.102 10
0.851 -0.253 -0.028 10
0.705 -0.254 -0.292 9
0.523 -0.237 -0.642 11
0.281 -0.187 -0.914 10
0.046 -0.065 -1.21 10
-0.087 0.104 -1.287 9
-0.208 0.232 -1.305 10
-0.239 0.303 -1.192 11
-0.172 0.342 -0.78 10
-0.017 0.264 -0.262 10
0.096 0.117 0.143 9
0.095 -0.057 0.309 10
-0.017 -0.276 0.227 11
-0.231 -0.36 -0.071 10
-0.457 -0.177 -0.314 9
-0.558 0.124 -0.412 10
-0.52 0.353 -0.37 10
-0.493 0.49 -0.359 11
-0.375 0.579 -0.22 10
-0.156 0.452 0.215 9
0.005 0.346 0.728 10
0.116 0.406 1.163 11
0.303 0.564 1.573 10
0.505 0.723 1.846 10
0.782 0.814 1.877 9
1.049 0.724 1.827 11
1.151 0.6 1.696 10
1.122 0.462 1.466 10
0.975 0.252 1.173 9
0.714 0.115 0.728 10
0.444 0.035 0.276 11
0.141 -0.071 -0.225 10
-0.079 -0.168 -0.633 10
-0.269 -0.254 -0.923 9
-0.389 -0.341 -1.141 10
-0.453 -0.453 -1.216 11
-0.391 -0.494 -1.215 10
-0.222 -0.505 -1.085 10
-0.114 -0.61 -1.097 9
-0.128 -0.695 -1.229 10
-0.003 -0.548 -1.218 11
-0.201 -0.528 -1.269 10
-0.293 -0.449 -1.297 10
-0.384 -0.361 -1.339 9
-0.458 -0.325 -1.292 11
-0.541 -0.284 -1.206 9
-0.642 -0.247 -1.094 11
-0.604 -0.196 -0.95 10
-0.535 -0.185 -0.691 10
-0.473 -0.235 -0.423 10
-0.382 -0.177 -0.321 10
-0.31 -0.168 -0.185 9
-0.296 -0.143 -0.149 11
-0.387 -0.102 -0.221 9
-0.503 -0.049 -0.319 10
-0.617 0.007 -0.46 11
-0.684 0.032 -0.62 9
-0.711 0.08 -0.782 11
-0.708 0.107 -0.833 9
-0.663 0.148 -0.75 11
-0.476 0.038 -0.554 10
-0.248 -0.111 -0.128 10
-0.094 -0.117 0.297 10
-0.162 -0.123 0.802 9
-0.275 0.026 1.73 11
-0.351 0.36 2.169 10
-0.117 0.505 2.349 10
0.23 0.334 2.14 10
0.569 0.128 1.52 9
0.719 0.305 0.825 10
0.509 0.817 0.372 11
0.035 1.451 -0.121 10
-0.114 1.806 -0.367 10
-0.076 1.866 -0.348 9
0.301 1.895 -0.132 10
0.909 1.438 0.199 11
1.404 0.76 0.722 10
1.444 0.201 0.917 10
1.265 -0.094 0.748 9
0.751 -0.179 0.432 10
0.228 0.14 0.276 11
-0.475 0.384 0.025 10
-0.807 0.484 -0.21 10
-1.028 0.633 -0.43 9
-1.14 0.734 -0.361 11
-1.026 0.729 -0.084 10
-0.768 0.691 0.243 9
-0.321 0.492 0.701 11
0.15 0.141 1.122 10
0.471 -0.26 1.2 10
0.743 -0.725 1.209 10
0.806 -1.135 0.993 10
0.717 -1.297 0.713 10
0.542 -1.262 0.486 10
0.289 -1.145 0.179 9
0.088 -1.082 -0.191 11
0.01 -1.017 -0.379 10
-0.059 -1.027 -0.462 10
-0.182 -1.028 -0.441 10
-0.336 -0.985 -0.363 9
-0.441 -0.938 -0.292 10
-0.526 -0.888 -0.228 11
-0.585 -0.764 -0.205 10
-0.518 -0.645 -0.176 10
-0.354 -0.623 -0.27 10
-0.181 -0.613 -0.407 9
-0.051 -0.525 -0.522 11
0.16 -0.369 -0.521 10
0.265 -0.281 -0.555 10
0.333 -0.201 -0.586 9
0.429 0.06 -0.381 11
0.541 0.26 -0.17 10
0.694 0.252 0.113 10
0.771 0.244 0.421 10
0.866 0.271 0.637 9
1.004 0.14 0.763 11
1.007 0.023 0.781 10
0.854 0.107 0.695 10
0.64 0.105 0.625 10
0.386 -0.026 0.545 10
0.244 0.054 0.508 10
0.09 0.109 0.405 10
-0.211 0.27 0.253 10
-0.457 0.734 0.133 10
-0.61 1.057 0.249 10
-0.48 1.081 0.543 10
-0.044 0.99 0.79 10
0.417 0.77 1.383 10
0.935 0.452 1.762 10
1.341 0.045 1.982 10
1.345 -0.286 1.741 10
1.038 -0.413 1.412 10
0.434 -0.285 0.943 10
-0.22 0.078 0.469 9
-0.707 0.424 0.017 10
-1.101 0.674 -0.38 11
-1.379 0.779 -0.583 10
-1.431 0.563 -0.715 10
-1.227 0.369 -0.867 9
-0.837 0.031 -1.117 11
-0.503 -0.308 -1.186 10
-0.298 -0.441 -1.153 10
-0.199 -0.483 -1.047 10
-0.179 -0.486 -0.778 9
-0.213 -0.429 -0.468 11
-0.295 -0.377 -0.274 10
-0.309 -0.365 -0.23 10
-0.217 -0.398 -0.155 10
-0.152 -0.513 -0.088 10
-0.111 -0.608 -0.096 10
-0.135 -0.711 -0.173 10
-0.147 -0.666 -0.371 9
-0.124 -0.479 -0.704 10
-0.137 -0.379 -1.108 10
-0.003 -0.255 -1.531 11
0.152 -0.048 -1.602 10
0.197 0.231 -1.571 9
0.177 0.475 -1.345 11
0.082 0.523 -0.952 9
0.013 0.522 -0.503 11
-0.022 0.401 -0.117 10
0.074 0.292 -0.26 10
0.377 0.254 -0.932 10
0.969 0.237 -1.761 10
1.26 0.11 -1.878 10
0.892 0.314 -1.225 10
0.157 1.015 -0.137 10
-1.004 1.259 0.453 10
-0.68 1.09 0.761 10
0.025 0.705 0.97 9
0.41 0.091 1.657 11
0.585 -0.417 1.664 10
0.836 -0.444 1.601 10
0.822 -0.331 1.613 10
0.541 -0.168 1.727 10
0.28 -0.177 1.434 10
0.166 -0.099 1.696 10
-0.384 0.349 1.457 10
-0.914 0.418 1.94 10
-1.073 0.471 1.591 10
-1.017 0.467 1.225 10
-1.019 0.334 1.103 9
-0.883 0.24 0.82 11
-0.691 0.104 0.574 9
-0.604 -0.069 0.56 11
-0.647 -0.174 0.581 9
-0.746 -0.234 0.713 11
-0.93 -0.28 0.805 10
-1.061 -0.295 0.854 9
-1.084 -0.3 0.949 10
-0.89 -0.218 0.975 11
-0.671 -0.265 0.722 10
-0.337 -0.368 0.348 10
-0.019 -0.495 0.046 10
0.172 -0.6 -0.207 9
0.223 -0.747 -0.342 11
0.201 -0.931 -0.463 9
0.164 -1.157 -0.615 11
0.035 -1.334 -0.743 9
-0.097 -1.304 -0.772 11
-0.19 -1.165 -0.867 10
-0.206 -1.074 -1.065 9
-0.159 -1.07 -1.165 11
-0.126 -1.092 -1.1 10
0.024 -1.061 -0.964 10
0.211 -1.11 -1.066 10
0.293 -1.154 -1.14 9
0.376 -1.056 -1.035 11
0.226 -0.907 -0.707 10
0.091 -0.687 -0.438 10
-0.132 -0.541 -0.265 9
-0.3 -0.4 -0.066 10
-0.348 -0.214 0.095 11
-0.356 0.005 0.12 10
-0.286 0.16 0.125 9
-0.162 0.325 0.207 10
-0.008 0.594 0.454 10
0.216 0.827 0.606 11
0.461 0.865 0.675 10
0.751 0.839 0.84 9
0.961 0.79 1.066 11
1.106 0.607 1.313 9
1.124 0.477 1.328 11
0.874 0.473 1.083 10
0.528 0.512 0.949 10
0.38 0.607 0.854 10
0.256 0.572 0.614 9
0.11 0.506 0.371 11
0.056 0.559 0.205 9
0.128 0.615 -0.125 10
0.33 0.467 -0.345 10
0.513 0.145 -0.466 10
0.651 -0.11 -0.428 11
0.629 -0.271 -0.454 10
0.592 -0.339 -0.564 9
0.481 -0.374 -0.757 11
0.381 -0.294 -0.949 9
0.317 -0.075 -1.017 11
0.294 0.079 -1.036 9
0.282 0.14 -0.976 10
0.176 0.16 -0.68 10
0.055 0.17 -0.439 10
0.015 0.17 -0.361 11
0.082 0.127 -0.471 9
0.272 0.114 -0.657 10
0.391 0.18 -0.919 11
0.576 0.335 -1.249 9
0.639 0.491 -1.383 11
0.489 0.562 -1.382 10
0.371 0.61 -1.304 9
0.17 0.695 -1.122 10
0.041 0.798 -0.863 10
0.028 0.804 -0.605 11
0.086 0.655 -0.337 9
0.06 0.52 -0.097 10
0.071 0.563 0.007 11
0.193 0.61 0.041 9
0.131 0.54 -0.066 11
0.126 0.598 -0.283 9
0.053 0.668 -0.462 11
-0.158 0.679 -0.666 9
-0.418 0.697 -0.737 10
-0.721 0.722 -0.663 11
-0.925 0.71 -0.545 9
-1.047 0.656 -0.43 10
-1.098 0.539 -0.353 10
-1.135 0.425 -0.257 11
-1.159 0.348 -0.085 10
-1.198 0.304 0.164 10
-1.19 0.274 0.303 9
-1.14 0.186 0.29 11
-0.966 0.098 0.157 9
-0.723 0.054 0.038 11
-0.4 -0.011 -0.129 9
-0.059 -0.173 -0.271 11
0.213 -0.251 -0.304 10
0.416 -0.26 -0.274 9
0.538 -0.32 -0.212 10
0.372 -0.288 0.059 11
0.059 -0.121 0.337 10
-0.273 0.114 0.751 10
-0.599 0.232 1.237 9
-0.738 0.174 1.587 11
-0.75 0.062 1.687 10
-0.597 -0.09 1.682 10
-0.486 -0.34 1.453 10
-0.368 -0.538 1.015 9
-0.245 -0.622 0.56 11
-0.117 -0.646 0.194 9
-0.252 -0.745 -0.101 10
-0.52 -0.619 0.089 11
-0.907 -0.411 0.296 9
-1.213 -0.257 0.413 11
-1.247 -0.197 0.621 10
-1.174 -0.195 0.576 10
-0.858 -0.391 0.372 9
-0.41 -0.619 0.214 10
-0.033 -0.712 -0.108 11
0.237 -0.675 -0.39 10
0.402 -0.608 -0.67 9
0.552 -0.607 -0.861 10
0.643 -0.615 -0.913 10
0.699 -0.631 -0.796 10
0.655 -0.628 -0.518 11
0.486 -0.583 -0.251 10
0.317 -0.524 -0.157 10
0.139 -0.455 -0.115 9
-0.09 -0.409 -0.095 11
-0.305 -0.334 -0.085 10
-0.369 -0.206 -0.034 9
-0.332 -0.15 0.012 11
-0.126 -0.144 0.097 10
0.135 -0.147 0.19 10
0.303 -0.063 0.258 9
0.393 0.054 0.344 10
0.302 0.17 0.361 10
0.073 0.325 0.368 11
-0.131 0.525 0.331 10
-0.178 0.602 0.212 9
-0.092 0.455 0.061 10
-0.022 0.315 -0.013 10
0.1 0.249 0.065 11
0.133 0.112 0.127 10
0.232 0.032 0.115 9
0.398 0.037 -0.008 10
0.462 0.18 -0.197 10
0.502 0.248 -0.375 11
0.624 0.189 -0.424 10
0.768 -0.002 -0.476 9
0.795 -0.088 -0.541 10
0.715 -0.079 -0.65 10
0.67 -0.062 -0.792 11
0.559 -0.039 -0.894 10
0.46 0.016 -0.839 9
0.406 0.066 -0.85 10
0.391 0.077 -0.868 10
0.403 0.026 -0.738 10
0.475 -0.062 -0.466 10
0.557 -0.151 -0.118 10
0.553 -0.23 0.152 10
0.523 -0.345 0.421 11
0.428 -0.285 0.474 10
0.135 -0.144 0.081 10
-0.015 -0.095 -0.305 10
-0.057 -0.06 -0.628 10
-0.025 0.04 -0.815 9
0.054 0.062 -0.923 10
0.229 0.099 -0.805 11
0.37 0.132 -0.414 10
0.393 0.205 -0.08 9
0.371 0.296 0.177 10
0.265 0.361 0.41 10
0.17 0.584 0.524 11
0.084 0.741 0.351 9
-0.001 0.865 0.04 11
-0.148 0.994 -0.308 10
-0.288 1.188 -0.708 9
-0.414 1.276 -0.991 11
-0.485 1.355 -1.098 9
-0.635 1.469 -1.135 10
-0.683 1.598 -1.116 11
-0.598 1.559 -1.013 9
-0.452 1.403 -0.938 11
-0.38 1.159 -0.732 9
-0.351 0.983 -0.348 11
-0.462 0.945 0.091 9
-0.58 0.902 0.504 10
-0.642 0.795 0.634 11
-0.604 0.603 0.692 9
-0.561 0.388 0.726 10
-0.617 0.159 0.808 10
-0.658 -0.02 0.771 10
-0.661 -0.164 0.685 11
-0.656 -0.268 0.539 9
-0.547 -0.293 0.399 10
-0.423 -0.255 0.255 11
-0.303 -0.255 0.221 9
-0.359 -0.299 0.337 11
-0.521 -0.252 0.691 10
-0.65 -0.295 1.053 9
-0.766 -0.499 1.24 11
-0.552 -0.561 1.194 9
-0.479 -0.72 1.092 11
-0.276 -0.855 0.802 10
-0.067 -0.933 0.463 10
0.111 -0.969 0.158 9
0.522 -0.993 -0.107 10
0.746 -1.143 -0.406 11
0.464 -1.27 -0.581 9
-0.124 -0.971 -0.618 11
-0.672 -0.52 -0.651 10
-1.027 -0.313 -0.603 10
-1.166 -0.213 -0.431 10
-1.066 -0.097 -0.215 10
-0.787 -0.13 0.245 10
-0.329 -0.307 0.807 10
0.065 -0.345 1.329 10
0.446 -0.302 1.369 10
0.634 -0.392 1.413 10
0.683 -0.396 1.073 9
0.632 -0.296 0.621 10
0.456 -0.249 0.257 11
0.273 -0.207 -0.121 10
0.099 -0.16 -0.359 9
-0.013 -0.101 -0.306 11
-0.115 -0.065 -0.111 9
-0.164 0.009 0.166 11
-0.191 0.06 0.382 10
-0.129 0.045 0.49 9
0.082 0.006 0.459 11
0.297 -0.123 0.43 9
0.371 -0.24 0.327 11
0.343 -0.138 0.225 10
0.308 0.03 -0.021 9
0.269 0.018 -0.208 10
0.061 -0.086 -0.334 10
-0.22 -0.086 -0.395 11
-0.414 -0.051 -0.373 10
-0.527 -0.089 -0.275 10
-0.5 -0.175 -0.153 10
-0.312 -0.14 -0.043 9
0.011 -0.126 0.185 10
0.449 -0.165 0.502 11
0.637 -0.071 0.65 9
0.797 0.168 0.697 10
1.037 0.185 0.602 10
1.209 0.003 0.524 11
1.096 -0.117 0.144 10
0.832 -0.166 -0.136 9
0.429 -0.149 -0.183 10
-0.138 -0.074 -0.191 10
-0.443 -0.015 -0.137 11
-0.227 -0.185 0.083 9
0.217 -0.727 0.247 10
0.497 -1.094 0.119 10
0.947 -1.053 -0.056 11
1.189 -0.931 -0.335 10
1.406 -0.864 -0.577 9
1.395 -0.794 -0.976 10
1.005 -0.56 -1.284 10
0.482 -0.116 -1.595 10
0.012 0.326 -1.754 11
-0.402 0.647 -1.82 10
-0.586 0.935 -1.819 10
-0.605 1.1 -1.723 9
-0.424 1.119 -1.482 10
-0.157 1.059 -1.135 10
0.185 0.979 -0.634 11
0.52 0.993 0.092 10
0.614 0.971 0.591 9
0.51 0.917 0.894 11
0.192 0.998 1.029 10
-0.258 1.191 0.754 9
-0.628 1.305 0.29 10
-0.841 1.295 -0.186 10
-1.007 1.251 -0.452 10
-1.139 1.29 -0.579 11
-1.137 1.368 -0.538 9
-1.041 1.36 -0.484 10
-0.885 1.276 -0.548 11
-0.607 1.209 -0.64 9
-0.287 1.019 -0.765 11
-0.043 0.71 -0.913 9
-0.013 0.363 -1.028 10
-0.167 0.034 -1.106 10
-0.452 -0.305 -1.134 10
-0.76 -0.602 -0.986 11
-0.916 -0.783 -0.741 9
-0.989 -0.894 -0.485 10
-0.872 -0.77 -0.256 10
-0.578 -0.598 -0.049 10
-0.314 -0.53 -0.113 11
-0.127 -0.485 -0.093 10
-0.063 -0.609 0.406 10
0.072 -0.729 1.228 10
0.056 -0.88 1.717 10
-0.104 -1.085 1.821 10
-0.326 -1.115 1.854 10
-0.776 -0.977 1.522 10
-1.095 -0.75 1.042 10
-1.209 -0.598 0.628 10
-1.287 -0.555 0.281 10
-1.296 -0.37 -0.014 10
-1.209 -0.126 0.09 10
-1.054 0.023 0.434 9
-0.871 -0.013 0.658 10
-0.396 -0.028 1.015 11
0.005 -0.026 1.18 10
0.461 -0.057 1.097 10
0.786 -0.06 1.004 10
0.871 0.005 0.749 9
0.93 0.091 0.312 11
0.872 0.151 -0.158 10
0.724 0.239 -0.496 10
0.746 0.379 -0.756 10
0.749 0.375 -0.991 10
0.7 0.303 -1.107 10
0.63 0.333 -0.867 10
0.515 0.352 -0.453 10
0.386 0.342 -0.046 9
0.347 0.308 0.26 11
0.399 0.174 0.423 10
0.368 0.053 0.338 10
0.365 0.004 0.157 10
0.346 -0.03 -0.099 9
0.38 -0.121 -0.468 11
0.463 -0.342 -0.783 10
0.52 -0.566 -1.05 10
0.528 -0.751 -1.126 10
0.536 -0.831 -0.927 9
0.499 -0.843 -0.584 11
0.441 -0.879 -0.379 10
0.353 -0.989 -0.091 10
0.284 -0.899 0.167 10
0.247 -0.662 0.279 9
0.248 -0.45 0.269 10
0.283 -0.18 0.181 11
0.479 0.173 0.241 10
0.629 0.259 0.346 9
0.747 0.173 0.372 11
0.707 0.035 0.541 9
0.326 -0.183 0.944 11
-0.171 -0.303 1.367 10
-0.49 -0.324 1.368 10
-0.648 -0.361 1.05 10
-0.79 -0.29 0.661 9
-0.823 -0.02 0.25 11
-0.697 0.3 0.026 10
-0.576 0.598 -0.208 10
-0.26 0.865 -0.179 10
0.11 1.089 -0.031 9
0.401 1.17 0.014 11
0.498 1.173 -0.064 10
0.526 1.228 -0.282 10
0.568 1.226 -0.607 9
0.675 1.216 -0.891 11
0.832 1.128 -0.862 10
0.835 1.041 -0.724 10
0.837 0.946 -0.565 10
0.848 0.748 -0.147 9
0.548 0.535 0.427 10
-0.006 0.464 1.057 11
-0.591 0.495 1.373 10
-1.041 0.342 1.279 9
-1.324 0.11 0.901 10
-1.459 0.099 0.294 10
-1.382 0.261 -0.226 11
-1.149 0.313 -0.677 10
-0.939 0.264 -1.041 10
-0.733 0.186 -1.316 9
-0.453 0.012 -1.512 10
-0.244 -0.238 -1.507 11
-0.219 -0.464 -1.365 10
-0.309 -0.685 -1.202 9
-0.52 -0.892 -0.987 10
-0.614 -1.105 -0.785 10
-0.587 -1.425 -0.594 11
-0.399 -1.601 -0.311 10
-0.196 -1.614 -0.142 10
-0.072 -1.469 -0.033 9
-0.082 -1.159 0.082 11
-0.229 -0.87 0.22 10
-0.508 -0.645 0.439 9
-0.698 -0.477 0.671 10
-0.723 -0.438 0.75 10
-0.617 -0.498 0.693 10
-0.538 -0.405 0.606 11
-0.587 -0.313 0.364 10
-0.658 -0.109 0.061 10
-0.687 0.125 -0.194 9
-0.635 0.337 -0.373 11
-0.554 0.553 -0.413 10
-0.499 0.808 -0.346 10
-0.432 1.072 -0.113 10
-0.432 1.094 0.233 9
-0.233 1.002 0.451 11
-0.037 0.884 0.622 10
0.284 0.804 0.792 10
0.549 0.689 0.704 9
0.761 0.586 0.504 10
0.926 0.57 0.204 11
0.894 0.686 -0.143 10
0.727 0.738 -0.482 10
0.559 0.698 -0.684 9
0.357 0.628 -0.848 10
0.131 0.548 -0.823 11
-0.027 0.528 -0.646 10
-0.128 0.458 -0.487 9
-0.089 0.283 -0.326 10
0.091 -0.046 -0.078 10
0.254 -0.335 0.265 11
0.367 -0.482 0.583 10
0.563 -0.615 0.964 10
0.653 -0.889 1.118 10
0.536 -1.007 1.049 10
0.293 -0.881 0.703 9
0.212 -0.775 0.314 11
0.19 -0.732 -0.096 10
0.223 -0.65 -0.474 9
0.278 -0.611 -0.703 11
0.371 -0.653 -0.693 9
0.541 -0.778 -0.606 11
0.771 -1.001 -0.407 10
0.918 -1.246 -0.143 9
0.955 -1.328 0.069 11
0.903 -1.351 0.174 10
0.83 -1.431 0.191 10
0.635 -1.4 0.241 10
0.33 -1.13 0.225 9
0.081 -0.819 0.246 11
-0.098 -0.617 0.402 10
-0.149 -0.581 0.577 9
-0.229 -0.583 0.614 11
-0.464 -0.421 0.475 9
-0.745 0.068 0.359 11
-1.041 0.622 0.228 10
-1.239 1.094 -0.104 10
-1.305 1.312 -0.188 10
-1.295 1.431 -0.126 10
-1.113 1.529 -0.096 9
-0.812 1.488 0.136 11
-0.412 1.391 0.329 10
0.025 1.321 0.314 9
0.384 1.232 0.213 11
0.621 1.134 0.063 10
0.775 0.935 -0.141 10
0.757 0.712 -0.247 10
0.621 0.554 -0.335 10
0.378 0.309 -0.379 10
0.082 -0.022 -0.418 10
-0.27 -0.313 -0.471 10
-0.614 -0.48 -0.51 10
-0.802 -0.51 -0.502 10
-0.843 -0.476 -0.409 10
-0.724 -0.454 -0.351 9
-0.47 -0.564 -0.333 11
-0.148 -0.697 -0.291 10
0.09 -0.791 -0.132 10
0.236 -0.815 -0.042 10
0.256 -0.751 -0.063 10
0.144 -0.641 -0.221 9
0.052 -0.543 -0.448 11
-0.047 -0.506 -0.774 10
-0.085 -0.533 -1.033 10
-0.146 -0.505 -1.171 10
-0.14 -0.394 -1.209 10
-0.005 -0.26 -1.036 10
0.21 -0.165 -0.812 10
0.456 -0.166 -0.619 10
0.583 -0.183 -0.307 10
0.68 -0.131 -0.052 9
0.706 -0.083 0.107 11
0.653 -0.135 0.252 10
0.45 -0.052 0.347 10
0.267 0.176 0.407 10
0.068 0.348 0.306 10
-0.076 0.434 0.267 10
-0.172 0.468 0.361 10
-0.163 0.438 0.514 9
-0.043 0.334 0.489 10
0.132 0.094 0.431 11
0.205 -0.096 0.336 10
0.107 -0.086 0.216 10
-0.015 -0.017 0.065 9
-0.16 0.122 0.067 11
-0.152 0.402 0.138 10
-0.206 0.603 0.236 10
-0.453 0.759 0.489 10
-0.743 1.036 0.784 9
-1.022 1.355 1.025 11
-1.187 1.538 1.56 10
-1.06 1.47 1.956 10
-0.575 1.013 2.277 10
-0.017 0.36 2.584 10
0.389 -0.08 2.472 10
0.557 -0.374 2.388 9
0.406 -0.526 2.029 11
0.107 -0.396 1.507 10
-0.377 -0.175 0.779 10
-0.658 0.066 0.123 10
-0.825 0.3 -0.5 10
-0.794 0.494 -1.01 10
-0.534 0.522 -0.926 10
-0.179 0.53 -0.515 9
0.338 0.443 -0.162 11
0.77 0.166 0.293 10
1.029 -0.264 0.566 9
1.262 -0.72 0.785 11
1.239 -1.053 0.827 10
1.038 -1.335 0.727 10
0.882 -1.521 0.611 10
0.63 -1.567 0.36 9
0.455 -1.505 0.005 11
0.341 -1.441 -0.374 10
0.263 -1.374 -0.595 10
0.211 -1.254 -0.673 10
0.199 -1.094 -0.657 10
0.256 -1.01 -0.798 10
0.325 -0.961 -0.986 10
0.422 -0.856 -1.077 10
0.363 -0.702 -1.159 10
0.214 -0.493 -1.207 10
0.038 -0.263 -1.103 10
-0.129 -0.142 -0.993 10
-0.245 -0.016 -0.928 10
-0.247 0.175 -0.792 9
-0.136 0.347 -0.532 10
-0.07 0.433 -0.315 11
0.074 0.51 -0.223 10
0.368 0.485 0.005 10
0.693 0.359 0.367 9
0.865 0.297 0.606 11
0.942 0.215 0.743 10
0.96 0.082 0.841 10
0.864 -0.003 0.602 10
0.734 0.074 0.369 9
0.609 0.248 0.108 11
0.678 0.386 -0.143 9
0.661 0.425 -0.534 11
0.638 0.547 -0.627 10
0.583 0.664 -0.564 9
0.258 0.58 -0.378 11
0.585 0.436 -0.254 10
0.88 0.16 0.417 10
1.128 -0.191 1.504 9
1.36 -0.319 2.871 10
1.224 -0.433 3.023 11
0.886 -0.657 2.1 10
0.392 -0.497 1.192 9
0.103 0.19 0.4 11
-0.018 0.628 -0.475 9
-0.042 0.711 -1.108 10
0.116 0.744 -1.135 11
0.329 0.824 -0.625 10
0.494 0.845 0.091 10
0.582 0.744 0.651 9
0.627 0.445 1.12 11
0.616 0.082 1.422 10
0.52 -0.219 1.556 10
0.382 -0.481 1.555 9
0.137 -0.605 1.339 10
-0.186 -0.424 1.016 11
-0.374 -0.158 0.612 10
-0.432 -0.099 0.172 10
-0.371 -0.14 -0.112 9
-0.325 -0.169 -0.299 10
-0.25 -0.144 -0.45 11
-0.199 -0.233 -0.663 10
-0.136 -0.382 -0.942 10
-0.148 -0.43 -1.184 9
-0.211 -0.421 -1.375 10
-0.233 -0.362 -1.462 11
-0.253 -0.36 -1.505 10
-0.253 -0.324 -1.441 10
-0.262 -0.24 -1.288 9
-0.245 -0.164 -1.116 10
-0.117 -0.096 -0.953 11
-0.036 -0.086 -0.832 10
-0.032 -0.009 -0.619 9
-0.063 0.146 -0.281 10
-0.109 0.339 -0.012 10
-0.141 0.408 0.006 11
-0.17 0.497 -0.02 10
-0.187 0.654 -0.009 9
-0.246 0.881 -0.06 10
-0.42 1.095 -0.106 10
-0.619 1.261 -0.138 10
-0.798 1.256 0.03 11
-0.831 1.225 0.458 10
-0.73 1.188 0.929 9
-0.752 1.121 1.284 10
-0.772 1.078 1.371 11
-0.789 1.013 1.441 10
-0.753 0.929 1.349 10
-0.652 0.828 1.145 9
-0.638 0.71 0.815 10
-0.825 0.639 0.509 11
-0.983 0.618 0.372 10
-0.911 0.453 0.326 10
-0.777 0.209 0.276 9
-0.527 -0.078 0.49 10
-0.241 -0.415 0.742 10
-0.053 -0.735 0.918 11
0.003 -0.912 0.938 10
0.02 -0.932 0.905 10
-0.033 -0.943 0.909 9
-0.202 -0.891 0.878 10
-0.397 -0.845 0.756 11
-0.314 -0.933 0.603 10
-0.128 -1.098 0.534 9
0.082 -1.195 0.575 11
0.246 -1.162 0.561 10
0.334 -1.149 0.436 10
0.369 -1.241 0.22 10
0.289 -1.35 -0.086 10
0.088 -1.318 -0.336 9
-0.179 -1.16 -0.699 10
-0.29 -1.001 -1.172 11
-0.269 -0.961 -1.52 10
-0.234 -0.882 -1.799 9
-0.116 -0.768 -2.11 10
0.067 -0.726 -2.028 11
0.242 -0.748 -1.808 10
0.364 -0.708 -1.558 10
0.405 -0.559 -1.196 9
0.425 -0.434 -0.723 10
0.382 -0.399 -0.211 10
0.31 -0.377 0.077 11
0.261 -0.253 0.319 10
0.218 -0.115 0.468 10
0.187 0.033 0.568 9
0.246 0.168 0.752 10
0.334 0.203 0.961 11
0.421 0.191 1.106 10
0.534 0.146 1.185 10
0.618 0.08 1.084 9
0.66 -0.057 0.82 10
0.689 -0.129 0.661 11
0.671 -0.202 0.612 10
0.647 -0.285 0.585 9
0.514 -0.369 0.63 10
0.324 -0.297 0.679 10
0.163 -0.147 0.646 11
-0.025 -0.123 0.452 10
-0.152 -0.102 0.139 10
-0.214 -0.032 -0.184 10
-0.244 0.005 -0.433 10
-0.177 0.004 -0.639 10
-0.047 0.03 -0.731 9
0.129 -0.058 -0.692 10
0.297 -0.354 -0.433 10
0.388 -0.62 -0.243 10
0.375 -0.627 -0.176 11
0.337 -0.409 -0.236 10
0.278 -0.187 -0.41 9
0.267 0.098 -0.654 10
0.249 0.553 -0.907 11
0.224 0.903 -1.092 10
0.167 0.994 -1.078 9
0.15 0.929 -0.78 10
0.058 0.931 -0.288 10
-0.025 0.967 0.119 11
-0.126 0.965 0.46 10
-0.07 0.972 0.63 10
-0.02 0.935 0.644 9
0.059 0.884 0.511 10
0.148 0.848 0.313 11
0.228 0.806 0.109 10
0.308 0.734 -0.159 10
0.407 0.66 -0.428 9
0.495 0.62 -0.618 10
0.575 0.567 -0.763 11
0.578 0.527 -0.816 10
0.529 0.483 -0.768 9
0.458 0.452 -0.648 10
0.369 0.424 -0.627 11
0.212 0.382 -0.581 10
0.104 0.412 -0.558 10
-0.138 0.483 -0.683 9
-0.348 0.53 -0.83 10
-0.477 0.58 -0.936 10
-0.619 0.608 -1.084 11
-0.729 0.539 -1.165 10
-0.794 0.347 -1.118 9
-0.835 0.114 -1.101 10
-0.89 -0.147 -1.154 10
-0.964 -0.321 -1.194 11
-1.092 -0.419 -1.385 10
-1.31 -0.463 -1.6 9
-1.55 -0.236 -1.672 10
-1.671 0.192 -1.522 11
-1.693 0.604 -1.249 10
-1.61 0.897 -0.866 9
-1.268 1.083 -0.288 11
-0.667 0.897 0.412 10
-0.169 0.462 1.061 10
0.079 0.158 1.385 9
0.295 -0.064 1.79 11
0.404 -0.213 2.102 10
0.441 -0.355 2.038 10
0.621 -0.552 2.015 10
0.688 -0.678 1.857 10
0.645 -0.671 1.895 10
0.632 -0.664 2.102 10
0.621 -0.735 2.159 9
0.472 -0.955 2.09 11
0.287 -1.04 1.82 9
0.069 -1.065 1.414 11
-0.135 -1.002 0.988 10
-0.303 -0.91 0.614 10
-0.385 -0.802 0.156 10
-0.372 -0.687 -0.186 9
-0.292 -0.558 -0.383 10
-0.081 -0.459 -0.405 11
0.228 -0.534 -0.278 10
0.394 -0.661 -0.242 10
0.432 -0.638 -0.287 9
0.432 -0.566 -0.439 11
0.363 -0.552 -0.671 10
0.249 -0.54 -0.957 9
0.147 -0.495 -1.241 10
0.089 -0.48 -1.409 10
-0.005 -0.44 -1.449 11
-0.108 -0.31 -1.468 10
-0.115 -0.15 -1.399 10
-0.103 -0.135 -1.345 9
-0.179 -0.121 -1.323 10
-0.247 -0.04 -1.173 11
-0.3 0.041 -0.987 10
-0.373 0.08 -0.828 10
-0.431 0.132 -0.598 9
-0.534 0.222 -0.357 11
-0.619 0.312 -0.08 10
-0.677 0.462 0.177 9
-0.747 0.64 0.305 11
-0.802 0.817 0.249 10
-0.851 0.942 0.198 10
-0.826 1.02 0.196 10
-0.744 1.013 0.124 10
-0.652 0.929 0.112 9
-0.526 0.862 0.256 10
-0.301 0.827 0.583 11
0.064 0.753 1.042 10
0.497 0.626 1.49 10
0.896 0.46 1.927 9
1.237 0.224 2.199 11
1.311 -0.03 2.376 9
1.232 -0.165 2.181 11
1.083 -0.191 1.903 10
0.923 -0.146 1.282 9
0.813 -0.321 0.524 10
0.706 -0.642 -0.036 11
0.549 -0.707 -0.343 10
0.494 -0.671 -0.55 9
0.609 -0.811 -0.65 10
0.729 -0.954 -0.654 11
0.837 -0.945 -0.554 10
0.943 -0.859 -0.343 10
1.072 -0.928 -0.102 9
1.163 -1.085 0.114 10
1.168 -1.218 0.241 10
1.008 -1.242 0.104 11
0.847 -1.17 -0.198 10
0.546 -1.001 -0.644 9
0.207 -0.711 -1.071 10
0.092 -0.33 -1.369 10
0.074 -0.09 -1.542 11
0.066 0.09 -1.603 10
0.06 0.236 -1.434 10
-0.023 0.454 -1.17 9
-0.115 0.667 -0.881 11
-0.181 0.781 -0.517 10
-0.241 0.798 -0.206 10
-0.329 0.848 -0.039 9
-0.33 0.952 0.084 10
-0.366 1.09 0.162 11
-0.459 1.282 0.111 10
-0.611 1.464 0.04 9
-0.705 1.611 -0.032 10
-0.824 1.708 0.03 10
-0.871 1.874 0.157 11
-0.835 1.988 0.4 10
-0.735 1.979 0.773 10
-0.704 1.884 0.998 9
-0.651 1.747 1.044 11
-0.836 1.616 0.923 10
-0.916 1.532 0.589 9
-1.014 1.37 0.375 11
-0.981 1.224 0.148 9
-0.9 0.981 0.047 10
-0.785 0.693 -0.052 11
-0.689 0.469 -0.167 10
-0.585 0.258 -0.306 10
-0.415 0.068 -0.525 10
-0.322 -0.11 -0.584 10
-0.375 -0.185 -0.664 10
-0.381 -0.235 -0.529 10
-0.386 -0.41 -0.217 10
-0.296 -0.662 0.028 10
-0.231 -0.889 0.197 9
-0.165 -1.119 0.324 11
-0.097 -1.3 0.318 9
-0.182 -1.316 0.105 11
-0.362 -1.211 -0.163 9
-0.593 -0.995 -0.449 10
-0.775 -0.731 -0.783 11
-0.784 -0.4 -0.808 10
-0.619 -0.23 -0.615 10
-0.264 -0.302 -0.381 9
0.167 -0.53 0.139 11
0.434 -0.65 0.65 10
0.632 -0.757 0.809 9
0.715 -1.009 0.797 11
0.515 -1.123 0.381 10
0.273 -0.942 -0.018 10
-0.046 -0.477 -0.507 10
-0.248 -0.205 -0.913 10
-0.413 -0.176 -1.072 10
-0.518 -0.046 -1.042 10
-0.484 0.13 -0.636 9
-0.418 0.143 -0.185 11
-0.083 -0.009 0.126 9
0.459 -0.275 0.355 11
0.895 -0.609 0.69 10
1.133 -0.85 0.664 9
1.098 -1.093 0.563 10
0.772 -1.164 0.515 10
0.281 -0.884 0.377 11
-0.082 -0.477 0.21 10
-0.263 -0.36 0.043 10
-0.366 -0.307 -0.107 9
-0.364 -0.181 -0.157 10
-0.224 -0.094 0.005 11
0.013 -0.119 0.211 10
0.373 -0.236 0.603 10
0.62 -0.316 0.888 9
0.696 -0.259 0.946 10
0.67 -0.19 0.877 11
0.516 -0.093 0.806 9
0.275 0.07 0.639 10
0.11 0.184 0.532 10
-0.021 0.226 0.41 10
-0.019 0.255 0.257 11
0.094 0.281 0.223 10
0.326 0.21 0.278 9
0.638 0.06 0.509 10
0.816 0.01 0.742 11
0.881 0.009 0.806 10
0.965 0.0 0.794 10
1.067 -0.008 0.585 9
1.098 -0.024 0.277 10
1.005 -0.125 0.016 11
0.793 -0.242 -0.174 10
0.515 -0.33 -0.286 9
0.265 -0.4 -0.317 10
0.135 -0.472 -0.363 10
0.156 -0.477 -0.301 11
0.27 -0.498 -0.185 10
0.415 -0.543 -0.304 9
0.477 -0.618 -0.394 10
0.481 -0.565 -0.536 11
0.441 -0.482 -0.517 10
0.345 -0.399 -0.543 9
0.251 -0.273 -0.505 11
0.148 -0.117 -0.42 10
0.004 0.015 -0.275 10
-0.047 0.117 -0.196 10
0.025 0.183 -0.193 10
0.161 0.216 -0.2 10
0.248 0.272 -0.094 10
0.301 0.357 -0.015 10
0.271 0.433 0.08 9
0.2 0.519 0.141 10
0.017 0.648 0.101 10
-0.174 0.781 0.16 10
-0.243 0.815 0.144 11
-0.218 0.794 0.112 9
-0.205 0.835 0.118 10
-0.193 0.89 0.098 10
-0.131 0.99 0.088 11
-0.109 1.132 0.105 9
-0.055 1.278 0.103 10
-0.032 1.253 -0.036 11
-0.098 1.214 -0.248 9
-0.14 1.256 -0.326 10
-0.1 1.243 -0.302 11
-0.055 1.118 -0.28 9
-0.067 0.972 -0.252 11
-0.103 0.815 -0.201 10
-0.222 0.655 -0.319 9
-0.398 0.512 -0.494 10
-0.574 0.409 -0.643 11
-0.758 0.334 -0.69 10
-0.828 0.266 -0.785 10
-0.771 0.179 -0.707 10
-0.522 -0.036 -0.713 9
-0.358 -0.334 -0.564 11
-0.296 -0.525 -0.215 10
-0.215 -0.567 -0.012 10
-0.227 -0.726 -0.054 10
-0.377 -0.843 -0.161 9
-0.572 -0.698 -0.308 11
-0.67 -0.456 -0.398 10
-0.689 -0.333 -0.427 10
-0.741 -0.291 -0.29 9
-0.805 -0.244 0.023 10
-0.802 -0.315 0.529 10
-0.721 -0.464 0.916 11
-0.546 -0.581 1.143 10
-0.431 -0.704 1.201 10
-0.319 -0.815 0.943 9
-0.278 -0.88 0.53 11
-0.405 -0.818 0.097 10
-0.589 -0.546 -0.368 10
-0.659 -0.328 -0.65 9
-0.636 -0.269 -0.714 11
-0.547 -0.251 -0.522 9
-0.346 -0.157 -0.211 11
-0.096 -0.193 0.171 10
0.068 -0.337 0.559 9
0.191 -0.424 0.908 11
0.361 -0.407 1.145 9
0.523 -0.479 1.142 11
0.6 -0.569 0.959 10
0.549 -0.529 0.811 9
0.468 -0.373 0.584 11
0.43 -0.309 0.422 10
0.421 -0.261 0.362 10
0.396 -0.14 0.343 9
0.374 -0.057 0.361 10
0.423 -0.026 0.54 11
0.647 -0.049 0.753 9
0.867 -0.208 0.936 11
0.961 -0.239 1.36 10
1.012 -0.206 1.543 9
1.505 -0.358 1.535 11
1.527 -0.581 1.493 9
1.478 -0.91 1.378 11
1.338 -0.948 1.111 9
1.127 -0.966 0.621 10
0.902 -0.912 0.042 11
0.614 -0.873 -0.539 10
0.32 -0.837 -1.011 10
0.012 -0.736 -1.392 10
-0.238 -0.611 -1.572 9
-0.396 -0.351 -1.51 11
-0.39 -0.144 -1.195 10
-0.239 -0.215 -0.799 9
0.094 -0.47 -0.461 10
0.317 -0.595 -0.441 10
0.423 -0.475 -0.827 11
0.217 -0.298 -1.236 10
-0.053 0.127 -1.698 10
-0.289 0.476 -2.037 9
-0.64 0.67 -2.118 11
-0.964 0.922 -2.087 10
-1.134 1.183 -1.732 9
-1.124 1.289 -1.076 11
-0.788 1.143 -0.304 9
-0.381 0.968 0.63 11
-0.007 0.897 1.248 10
0.294 0.721 1.692 10
0.394 0.545 1.73 9
0.26 0.448 1.453 11
0.07 0.532 1.032 10
-0.169 0.763 0.162 10
-0.255 0.885 -0.586 9
-0.411 1.072 -1.174 11
-0.447 1.275 -1.815 10
-0.583 1.251 -1.858 10
-0.766 1.29 -1.379 10
-0.931 1.35 -0.689 9
-0.976 1.121 0.086 11
-0.732 0.638 1.189 10
-0.658 0.298 2.328 10
-0.403 0.096 2.794 9
-0.328 -0.361 2.54 11
-0.123 -0.618 1.915 10
-0.067 -0.513 0.983 10
-0.242 -0.401 0.005 10
-0.347 -0.197 -0.934 9
-0.364 -0.065 -1.409 11
-0.198 -0.093 -1.768 10
0.045 -0.153 -1.841 10
0.325 -0.224 -1.674 10
0.62 -0.408 -1.024 9
0.61 -0.626 0.129 10
0.393 -0.891 1.176 11
0.13 -1.19 1.86 10
-0.175 -1.338 1.536 10
-0.278 -1.316 1.15 9
-0.526 -1.27 0.793 10
-0.629 -0.893 0.248 11
-0.686 -0.623 -0.379 10
-0.678 -0.733 -0.634 10
-0.826 -0.918 -0.217 9
-0.95 -0.826 0.235 11
-0.984 -0.675 0.271 10
-0.998 -0.711 0.08 10
-0.881 -0.683 -0.34 9
-0.767 -0.545 -0.754 10
-0.75 -0.361 -0.894 11
-0.658 -0.084 -0.96 10
-0.54 0.199 -0.692 10
-0.409 0.343 -0.2 9
-0.204 0.386 0.224 10
-0.08 0.339 0.727 11
0.073 0.288 1.172 10
0.325 0.293 1.477 9
0.551 0.247 1.527 10
0.849 0.162 1.469 11
1.126 0.223 1.236 10
1.263 0.347 0.871 9
1.395 0.554 0.577 11
1.583 0.705 0.433 9
1.796 0.79 0.252 11
1.926 0.788 0.115 10
1.872 0.701 -0.025 10
1.771 0.622 0.011 9
1.55 0.543 0.113 10
1.275 0.462 0.257 11
0.975 0.313 0.378 10
0.696 0.204 0.478 9
0.506 0.14 0.447 10
0.352 0.049 0.308 10
0.248 -0.033 0.096 10
0.223 -0.012 -0.094 11
0.2 0.04 -0.369 10
0.215 0.053 -0.573 9
0.193 0.073 -0.749 10
0.226 0.023 -0.812 11
0.186 -0.082 -0.791 10
0.141 -0.151 -0.824 10
0.136 -0.283 -0.845 9
0.027 -0.418 -0.889 11
-0.173 -0.428 -0.973 10
-0.379 -0.333 -0.91 10
-0.548 -0.248 -0.69 9
-0.631 -0.129 -0.465 10
-0.551 -0.004 -0.178 10
-0.375 0.099 0.115 11
-0.251 0.141 0.379 9
-0.123 0.204 0.445 11
0.061 0.236 0.409 10
0.107 0.178 0.101 10
-0.007 0.186 -0.15 10
-0.239 0.314 -0.428 9
-0.603 0.386 -0.583 11
-0.973 0.381 -0.645 9
-1.29 0.378 -0.581 11
-1.643 0.478 -0.359 9
-1.781 0.559 -0.194 10
-1.844 0.452 -0.097 11
-1.763 0.337 -0.078 10
-1.552 0.243 -0.157 10
-1.319 0.047 -0.322 9
-1.032 -0.199 -0.54 10
-0.817 -0.291 -0.796 11
-0.701 -0.339 -1.087 10
-0.906 -0.15 -1.116 9
-1.014 0.321 -1.332 11
-0.999 0.754 -1.475 9
-0.838 0.911 -1.577 11
-0.496 0.898 -1.48 10
-0.153 0.61 -1.185 10
0.197 0.359 -0.532 9
0.324 0.168 0.253 10
0.361 -0.037 0.805 11
0.368 -0.258 0.742 10
0.296 -0.353 0.512 10
0.284 -0.326 0.349 9
0.247 -0.216 -0.013 10
0.257 -0.168 -0.459 11
0.239 -0.203 -0.732 10
0.276 -0.217 -0.694 9
0.308 -0.144 -0.409 10
0.303 -0.112 0.002 10
0.187 -0.127 0.234 11
-0.003 -0.166 0.168 10
-0.236 -0.123 -0.055 9
-0.393 -0.128 -0.386 10
-0.509 -0.02 -0.64 10
-0.492 0.127 -1.033 11
-0.322 0.063 -1.334 10
-0.032 -0.167 -1.434 9
0.186 -0.374 -1.351 10
0.219 -0.552 -1.284 10
0.171 -0.6 -0.992 11
0.034 -0.635 -0.815 10
-0.072 -0.718 -0.863 10
-0.1 -0.862 -0.777 9
-0.202 -0.87 -0.673 10
-0.276 -0.645 -0.632 11
-0.395 -0.391 -0.586 10
-0.528 -0.188 -0.355 10
-0.527 -0.031 0.059 9
-0.448 0.117 0.639 10
-0.395 0.226 1.049 11
-0.493 0.462 1.298 10
-0.737 1.062 1.358 10
-1.137 1.749 1.265 9
-1.316 2.014 1.268 11
-1.211 1.924 1.373 10
-0.796 1.706 1.469 10
-0.208 1.432 1.736 10
0.113 1.289 1.803 9
0.292 1.211 1.821 11
0.357 1.03 1.915 10
0.261 0.789 1.68 10
-0.014 0.676 1.271 9
-0.219 0.754 0.98 11
-0.292 0.817 0.485 9
-0.099 0.77 0.144 11
0.082 0.675 -0.025 10
0.307 0.591 -0.1 10
0.603 0.281 0.073 10
0.741 -0.237 0.316 9
0.676 -0.696 0.43 11
0.496 -1.074 0.517 9
0.326 -1.381 0.499 11
0.138 -1.484 0.277 9
0.159 -1.482 0.189 10
0.298 -1.325 0.067 11
0.483 -1.063 0.189 9
0.504 -0.862 0.567 10
0.454 -0.828 0.906 10
0.443 -0.779 1.057 11
0.579 -0.727 0.977 10
0.737 -0.697 0.759 9
0.749 -0.645 0.381 10
0.709 -0.486 -0.035 10
0.759 -0.325 -0.23 10
0.803 -0.223 -0.224 10
0.895 -0.141 -0.348 10
0.935 -0.144 -0.27 10
0.997 -0.19 -0.062 10
1.104 -0.36 0.193 10
1.261 -0.548 0.432 11
1.255 -0.718 0.423 10
1.19 -0.775 0.243 9
1.062 -0.68 -0.03 10
0.913 -0.543 -0.32 10
0.753 -0.446 -0.469 11
0.626 -0.324 -0.25 10
0.554 -0.162 -0.001 10
0.37 0.069 0.162 9
0.264 0.226 0.491 11
0.28 0.246 0.407 10
0.476 0.239 0.246 9
0.851 0.18 0.126 11
1.231 0.136 0.053 10
1.324 0.2 0.022 10
1.045 0.43 0.011 10
0.664 0.689 -0.118 10
0.348 0.853 -0.434 10
0.201 0.914 -0.718 10
0.198 1.003 -1.034 10
0.325 0.989 -1.224 10
0.542 0.838 -1.256 10
0.772 0.703 -1.157 10
0.919 0.529 -0.92 10
0.87 0.355 -0.613 10
0.594 0.173 -0.224 10
0.164 0.053 0.03 10
-0.136 0.039 0.191 10
-0.278 0.095 0.353 10
-0.224 0.129 0.395 10
0.073 0.124 0.433 10
0.505 0.146 0.51 10
0.765 0.192 0.425 10
0.844 0.276 0.141 10
0.777 0.326 -0.26 10
0.613 0.302 -0.708 10
0.301 0.263 -1.068 10
-0.073 0.332 -1.358 10
-0.419 0.393 -1.593 10
-0.661 0.397 -1.597 10
-0.836 0.469 -1.42 10
-0.847 0.603 -1.183 10
-0.789 0.612 -0.91 10
-0.554 0.551 -0.482 10
-0.292 0.435 -0.055 10
-0.237 0.417 0.062 10
-0.343 0.453 -0.056 10
-0.472 0.511 -0.309 10
-0.571 0.512 -0.528 10
-0.661 0.435 -0.664 10
-0.56 0.339 -0.486 10
-0.616 0.262 -0.118 10
-0.658 0.288 0.237 9
-0.618 0.268 0.446 11
-0.582 0.189 0.453 9
-0.325 0.153 0.494 11
-0.034 0.077 0.514 10
0.089 -0.007 0.402 10
0.011 -0.032 0.215 10
-0.256 0.177 0.107 10
-0.541 0.357 0.088 10
-0.788 0.201 0.191 10
-0.908 -0.172 0.379 10
-0.946 -0.327 0.625 10
-0.705 -0.173 0.718 10
-0.402 -0.156 0.422 10
-0.172 -0.235 -0.042 10
-0.086 -0.237 -0.262 10
-0.112 -0.196 -0.166 10
-0.092 -0.22 0.039 9
-0.057 -0.275 0.475 11
-0.146 -0.403 0.867 10
-0.209 -0.449 1.107 10
0.078 -0.516 1.341 10
0.165 -0.809 1.121 10
0.157 -0.875 0.664 9
0.133 -0.52 0.417 11
0.171 -0.218 0.332 9
0.249 -0.239 0.445 11
0.06 -0.336 0.702 9
-0.298 -0.294 1.054 11
-0.63 -0.1 1.138 10
-0.671 0.012 0.835 10
-0.647 -0.04 0.269 10
-0.358 -0.019 -0.162 9
-0.046 0.094 -0.534 10
0.259 0.093 -0.739 11
0.664 0.015 -0.708 9
0.994 -0.063 -0.482 11
1.231 -0.289 -0.425 9
1.306 -0.519 -0.279 11
1.287 -0.648 -0.337 10
1.15 -0.669 -0.424 9
0.957 -0.602 -0.485 11
0.672 -0.568 -0.609 9
0.441 -0.528 -0.626 10
0.181 -0.441 -0.572 11
-0.094 -0.414 -0.566 10
-0.275 -0.459 -0.423 9
-0.29 -0.568 -0.278 10
-0.14 -0.735 -0.026 10
0.148 -0.972 0.123 11
0.237 -1.211 0.007 9
0.256 -1.193 -0.243 10
0.3 -1.117 -0.477 10
0.451 -1.134 -0.507 11
0.552 -1.09 -0.396 10
0.523 -0.955 -0.313 10
0.6 -0.92 0.01 10
0.781 -0.888 0.595 9
0.875 -0.851 0.82 10
0.865 -0.809 0.712 11
0.761 -0.573 0.339 9
0.625 -0.136 -0.116 10
0.252 0.454 -0.553 10
-0.126 1.15 -0.902 11
-0.449 1.698 -0.967 10
-0.68 1.934 -0.87 9
-0.758 2.188 -0.516 10
-0.648 2.375 0.138 10
-0.342 2.353 0.676 10
0.045 2.178 1.013 11
0.29 2.02 0.989 9
0.399 1.939 0.701 11
0.488 1.926 0.269 9
0.56 1.914 -0.171 10
0.59 1.749 -0.387 11
0.574 1.556 -0.365 9
0.379 1.34 -0.036 11
0.186 1.068 0.501 9
-0.013 0.668 0.882 10
-0.244 0.283 1.027 11
-0.539 0.211 1.01 9
-0.898 0.225 0.513 11
-1.145 0.124 -0.063 9
-1.159 0.06 -0.626 11
-1.112 0.037 -1.167 10
-1.122 -0.026 -1.722 9
-1.104 -0.153 -1.998 11
-1.071 -0.301 -2.117 10
-0.99 -0.357 -2.13 10
-0.891 -0.382 -1.77 10
-0.785 -0.438 -1.3 9
-0.741 -0.55 -0.851 11
-0.572 -0.572 -0.533 9
-0.368 -0.679 -0.419 11
-0.271 -0.878 -0.619 10
-0.209 -1.014 -0.824 10
-0.214 -1.008 -0.897 10
-0.244 -0.855 -0.876 10
-0.332 -0.657 -0.754 10
-0.385 -0.454 -0.523 9
-0.277 -0.305 -0.161 11
-0.129 -0.266 0.363 10
-0.168 -0.256 0.861 9
-0.134 -0.188 1.533 10
0.051 -0.333 2.139 11
0.21 -0.704 2.08 10
0.37 -1.039 1.949 9
0.29 -1.133 1.461 10
0.157 -0.951 0.755 10
-0.151 -0.614 0.059 11
-0.429 -0.389 -0.644 10
-0.722 -0.23 -1.433 9
-0.813 0.094 -1.919 11
-0.723 0.317 -2.098 10
-0.556 0.303 -2.095 10
-0.371 0.135 -1.825 10
-0.101 0.078 -1.117 10
0.02 0.062 -0.22 9
-0.033 0.029 0.43 10
-0.064 -0.041 0.921 11
-0.126 -0.184 1.346 10
-0.243 -0.243 1.573 9
-0.331 -0.167 1.563 10
-0.392 -0.124 1.432 10
-0.431 -0.086 1.151 11
-0.37 -0.051 0.838 10
-0.135 0.022 0.581 9
0.265 0.002 0.566 10
0.566 -0.135 0.639 10
0.803 -0.259 0.609 11
0.998 -0.337 0.885 9
1.062 -0.475 1.218 10
1.085 -0.635 1.45 10
1.037 -0.761 1.624 10
0.968 -0.814 1.729 11
0.776 -0.758 1.573 10
0.604 -0.631 1.2 9
0.517 -0.568 0.778 10
0.474 -0.571 0.304 11
0.478 -0.445 -0.105 10
0.551 -0.297 -0.448 10
0.513 -0.302 -0.722 9
0.488 -0.349 -0.908 10
0.499 -0.34 -0.834 10
0.458 -0.22 -0.561 11
0.438 -0.051 0.339 10
0.601 0.108 0.305 10
0.868 -0.005 1.222 9
1.195 -0.418 1.376 10
1.213 -1.204 0.962 11
0.799 -1.083 0.383 9
0.331 -1.027 -0.344 10
-0.02 -0.338 -1.016 10
-0.199 -0.046 -1.397 10
-0.369 0.277 -1.766 11
-0.392 0.611 -1.942 10
-0.223 0.809 -1.705 9
-0.029 0.866 -1.233 10
0.18 0.882 -0.041 10
0.3 0.932 1.152 11
0.373 0.908 2.045 10
0.405 0.782 2.306 10
0.304 0.661 1.955 9
0.213 0.767 1.397 10
0.14 0.94 0.594 11
0.126 0.993 -0.154 10
0.165 0.954 -0.604 10
0.269 0.884 -0.837 9
0.38 0.779 -0.762 10
0.463 0.606 -0.375 11
0.563 0.416 -0.079 10
0.67 0.142 0.23 10
0.629 0.015 0.327 9
0.316 0.005 0.286 10
-0.111 0.168 0.024 11
-0.453 0.367 -0.434 10
-0.597 0.408 -0.821 10
-0.753 0.419 -1.205 9
-0.919 0.627 -1.351 10
-0.939 0.857 -1.526 11
-0.802 0.814 -1.494 10
-0.739 0.759 -1.638 10
-0.588 0.743 -1.405 9
-0.365 0.66 -0.894 10
-0.182 0.465 -0.425 11
-0.052 0.246 -0.012 10
0.142 0.083 0.359 10
0.257 -0.071 0.573 9
0.24 -0.279 0.576 10
0.035 -0.466 0.475 11
-0.278 -0.506 0.402 10
-0.526 -0.49 0.241 10
-0.68 -0.458 0.079 9
-0.672 -0.421 -0.083 10
-0.562 -0.387 -0.178 11
-0.445 -0.331 -0.307 10
-0.392 -0.298 -0.552 10
-0.499 -0.294 -0.712 9
-0.605 -0.273 -0.874 10
-0.604 -0.254 -0.898 11
-0.509 -0.307 -0.852 10
-0.389 -0.431 -0.818 10
-0.264 -0.664 -0.641 9
-0.315 -0.899 -0.301 10
-0.413 -0.955 0.004 11
-0.579 -0.877 0.382 10
-0.745 -0.815 0.542 10
-0.989 -0.716 0.574 9
-1.2 -0.49 0.637 10
-1.304 -0.182 0.531 11
-1.2 -0.086 0.477 10
-1.045 -0.129 0.628 9
-0.924 -0.082 0.901 10
-0.814 -0.03 1.087 10
-0.732 -0.088 1.142 11
-0.599 -0.131 0.95 9
-0.341 -0.169 0.64 10
-0.065 -0.204 0.291 10
0.07 -0.14 0.038 10
0.218 0.045 -0.189 11
0.437 0.161 -0.42 9
0.514 0.188 -0.628 10
0.463 0.307 -0.625 10
0.425 0.423 -0.563 10
0.469 0.424 -0.394 11
0.525 0.312 -0.131 9
0.55 0.212 0.14 10
0.547 0.139 0.298 10
0.561 -0.124 0.467 10
0.35 -0.31 0.532 11
0.125 -0.399 0.436 10
-0.119 -0.411 0.401 9
-0.452 -0.353 0.119 10
-0.639 -0.266 -0.15 10
-0.765 -0.144 -0.282 11
-0.861 0.042 -0.236 9
-0.792 0.262 -0.135 10
-0.696 0.33 0.015 10
-0.479 0.306 0.178 10
-0.164 0.232 0.194 11
0.162 0.148 0.304 10
0.447 0.047 0.377 9
0.661 -0.017 0.331 11
0.896 -0.153 0.323 9
0.979 -0.224 0.429 11
1.028 -0.176 0.369 9
0.882 -0.132 0.142 10
0.647 -0.05 -0.087 11
0.539 0.032 -0.448 9
0.468 0.072 -0.697 11
0.421 0.064 -0.808 10
0.413 0.006 -0.934 10
0.441 -0.14 -0.858 10
0.552 -0.247 -0.625 9
0.531 -0.231 -0.451 11
0.452 -0.13 -0.156 9
0.312 -0.013 0.1 11
0.074 0.065 0.245 10
-0.122 0.222 0.393 9
-0.231 0.363 0.449 11
-0.276 0.508 0.481 9
-0.206 0.707 0.511 10
-0.073 1.041 0.511 11
0.132 1.273 0.546 9
0.093 1.37 0.75 11
-0.157 1.5 0.856 9
-0.348 1.704 0.814 10
-0.391 1.757 0.663 11
-0.3 1.745 0.536 9
-0.115 1.691 0.474 11
0.0 1.522 0.375 9
0.068 1.353 0.337 11
0.061 1.14 0.166 9
-0.021 0.914 -0.057 10
-0.243 0.702 -0.327 11
-0.538 0.554 -0.716 9
-0.76 0.378 -1.231 10
-0.934 0.168 -1.504 11
-1.116 0.056 -1.612 9
-1.272 -0.113 -1.692 11
-1.36 -0.351 -1.514 9
-1.215 -0.48 -1.492 10
-0.827 -0.716 -1.446 11
-0.209 -1.058 -1.31 10
0.354 -1.34 -1.283 10
0.706 -1.577 -1.137 10
0.868 -1.669 -1.066 9
0.773 -1.623 -1.115 11
0.506 -1.426 -1.245 9
0.248 -1.059 -1.31 11
0.008 -0.695 -0.946 9
-0.018 -0.323 -0.42 10
0.13 -0.377 0.577 11
0.323 -0.624 2.019 9
0.817 -0.915 3.3 11
1.14 -1.401 3.625 9
1.017 -1.959 2.866 11
0.631 -2.065 1.829 10
-0.103 -1.246 0.715 10
-0.8 -0.69 -0.338 10
-1.211 -0.182 -1.036 9
-1.529 0.439 -1.226 10
-1.704 1.093 -1.681 11
-1.525 1.544 -1.107 10
-0.933 1.691 -0.273 9
-0.072 1.487 0.917 10
0.468 1.218 2.041 11
0.852 0.829 2.897 9
0.776 0.418 2.986 11
0.448 0.368 2.722 9
0.059 0.572 2.217 10
-0.188 0.782 1.444 11
-0.126 0.842 0.696 10
-0.018 0.827 0.101 10
0.207 0.804 -0.21 10
0.505 0.715 -0.293 10
1.023 0.48 -0.1 10
1.386 0.139 0.03 9
1.437 -0.176 0.018 11
1.216 -0.46 -0.043 10
0.844 -0.776 -0.107 9
0.372 -0.974 -0.467 10
-0.061 -1.023 -0.782 11
-0.33 -1.033 -1.109 10
-0.496 -1.119 -1.179 10
-0.644 -1.128 -1.035 9
-0.502 -1.101 -0.837 10
-0.443 -1.232 -0.529 11
-0.52 -1.419 -0.356 10
-0.528 -1.338 -0.173 10
-0.337 -1.1 -0.173 9
0.04 -1.033 -0.518 11
0.355 -1.12 -0.906 10
0.561 -1.137 -0.867 9
0.617 -0.971 -0.728 10
0.615 -0.797 -0.595 10
0.709 -0.795 -0.363 11
0.819 -0.939 -0.206 10
0.866 -1.018 -0.22 9
0.926 -0.786 -0.241 11
1.023 -0.449 -0.113 9
0.955 -0.327 -0.197 11
0.989 -0.225 -0.315 10
1.149 -0.065 -0.292 9
1.085 0.07 -0.177 11
0.727 0.244 -0.159 10
0.335 0.556 -0.108 10
0.017 0.854 -0.167 9
-0.363 0.932 -0.236 11
-0.533 1.166 -0.273 10
-0.739 1.472 -0.383 9
-0.751 1.583 -0.44 10
-0.546 1.563 -0.422 11
-0.225 1.57 -0.319 10
0.09 1.611 -0.141 10
0.486 1.752 0.26 9
0.843 1.844 0.433 10
1.241 1.728 0.682 10
1.186 1.478 0.993 11
0.895 1.278 1.308 10
0.452 1.15 1.392 9
-0.032 0.975 1.227 10
-0.408 0.774 0.742 11
-0.695 0.679 0.108 10
-0.892 0.689 -0.514 10
-0.898 0.749 -0.971 9
-0.86 0.683 -1.434 10
-0.688 0.451 -1.704 11
-0.722 0.182 -1.844 10
-0.736 -0.025 -1.539 10
-0.783 -0.212 -1.127 9
-0.886 -0.501 -0.781 10
-0.909 -0.805 -0.513 11
-0.947 -1.086 -0.453 10
-0.887 -1.296 -0.589 10
-0.979 -1.554 -0.806 9
-1.243 -1.64 -0.811 10
-1.291 -1.519 -0.541 11
-1.283 -1.152 -0.159 10
-1.077 -0.778 0.365 10
-0.452 -0.683 0.733 9
0.652 -0.718 0.677 10
1.673 -0.551 0.721 11
2.393 -0.091 0.951 10
2.507 0.46 0.813 10
1.757 0.517 0.645 9
0.573 0.44 0.675 10
-0.509 0.387 0.78 11
-1.475 0.331 0.676 9
-1.785 0.16 0.229 11
-1.977 -0.114 -0.353 10
-1.865 -0.042 -0.861 9
-1.687 0.392 -0.981 10
-1.398 0.655 -0.935 10
-1.137 0.641 -0.824 11
-0.834 0.542 -0.466 10
-0.518 0.307 -0.074 9
-0.156 -0.007 0.363 10
-0.054 -0.265 0.559 10
0.226 -0.057 0.727 11
0.212 0.016 0.646 10
0.312 -0.053 0.547 10
0.461 -0.022 0.44 9
0.527 0.126 0.293 11
0.561 0.208 0.195 10
0.393 0.256 0.115 10
0.19 0.429 -0.068 10
-0.009 0.524 -0.423 9
-0.181 0.514 -0.743 10
-0.292 0.532 -0.85 11
-0.487 0.547 -0.782 9
-0.55 0.493 -0.695 10
-0.486 0.374 -0.367 10
-0.403 0.277 0.117 10
-0.191 0.163 0.536 10
-0.085 0.043 1.086 11
-0.034 0.013 1.538 10
0.098 -0.057 1.53 9
0.166 -0.292 1.455 10
0.141 -0.521 1.128 11
0.247 -0.564 0.869 9
0.128 -0.654 0.403 11
0.106 -0.718 0.026 10
0.087 -0.784 -0.398 9
-0.033 -0.783 -0.625 11
-0.159 -0.696 -0.847 9
-0.16 -0.678 -0.866 11
-0.144 -0.834 -0.736 10
0.0 -0.958 -0.499 9
0.188 -1.077 -0.328 11
0.333 -1.185 -0.192 10
0.464 -1.196 -0.155 10
0.426 -1.119 -0.243 10
0.176 -1.076 -0.124 9
-0.34 -0.977 0.318 10
-0.849 -0.957 0.778 10
-0.997 -0.991 0.907 11
-0.975 -1.038 0.833 9
-1.041 -0.788 0.414 10
-0.989 -0.131 0.191 10
-0.872 0.527 0.034 11
-0.708 1.0 -0.158 10
-0.507 1.167 -0.004 9
-0.25 1.189 0.444 10
0.153 1.121 1.149 11
0.535 1.182 1.629 10
0.895 1.15 1.759 10
1.038 1.026 1.712 10
1.081 1.018 1.239 10
1.024 0.977 0.641 10
0.861 0.931 0.06 10
0.646 0.95 -0.35 10
0.512 0.932 -0.591 10
0.375 0.847 -0.471 10
0.346 0.668 -0.519 10
0.346 0.351 -0.536 9
0.363 0.049 -0.405 11
0.395 -0.076 -0.295 10
0.365 -0.18 -0.3 10
0.337 -0.421 -0.486 10
0.26 -0.405 -0.584 9
0.053 -0.209 -0.56 10
-0.089 0.018 -0.642 11
-0.244 0.128 -0.646 10
-0.34 0.107 -0.625 10
-0.444 0.053 -0.571 9
-0.443 0.013 -0.402 10
-0.312 -0.108 -0.361 10
-0.247 -0.33 -0.308 11
-0.222 -0.383 -0.182 10
-0.251 -0.353 0.033 9
-0.39 -0.49 0.142 10
-0.48 -0.777 0.214 10
-0.561 -0.993 0.089 11
-0.531 -1.143 -0.126 10
-0.573 -1.219 -0.475 9
-0.636 -1.131 -0.798 11
-0.572 -0.914 -0.753 10
-0.463 -0.685 -0.686 10
-0.219 -0.634 -0.686 10
0.035 -0.803 -0.454 10
0.299 -0.947 0.021 9
0.269 -0.955 0.631 11
0.293 -0.912 0.99 9
0.376 -1.044 1.167 11
0.373 -1.164 1.24 10
0.215 -1.039 1.099 9
-0.004 -0.72 1.032 10
-0.159 -0.355 0.808 10
-0.341 0.008 0.589 11
-0.548 0.377 0.573 10
-0.838 0.891 0.792 9
-0.892 1.224 1.256 11
-0.613 1.145 1.845 10
0.102 0.617 2.221 9
0.894 0.124 2.507 11
1.632 -0.103 2.265 9
1.951 -0.256 1.901 10
1.799 -0.377 1.297 11
1.386 -0.348 0.771 10
0.817 -0.167 0.366 10
0.356 0.013 -0.161 9
0.191 0.167 -0.446 11
0.215 0.469 -0.764 10
0.417 0.706 -0.842 10
0.772 0.705 -0.689 10
1.255 0.462 -0.672 9
1.578 0.14 -0.613 10
1.506 -0.046 -0.535 11
1.252 -0.119 -0.542 10
0.98 -0.245 -0.625 9
0.649 -0.349 -0.657 10
0.334 -0.306 -0.626 10
0.146 -0.275 -0.598 11
0.123 -0.334 -0.495 10
0.188 -0.352 -0.23 9
0.255 -0.308 0.068 11
0.428 -0.217 0.277 10
0.385 -0.169 0.257 9
0.243 -0.127 0.137 10
0.167 -0.045 -0.014 10
0.081 -0.006 -0.262 11
0.082 0.063 -0.538 10
0.099 0.065 -0.691 10
0.15 0.05 -0.751 10
0.169 0.045 -0.84 9
0.152 0.006 -0.781 10
0.189 -0.037 -0.608 11
0.221 -0.094 -0.401 10
0.26 -0.205 -0.154 10
0.234 -0.288 -0.07 9
0.158 -0.319 0.014 11
0.168 -0.261 0.03 10
0.195 -0.227 0.001 10
0.261 -0.221 -0.093 9
0.261 -0.164 -0.222 10
0.192 0.058 -0.372 10
0.026 0.405 -0.128 11
-0.045 0.606 0.22 9
-0.04 0.718 0.724 10
-0.045 0.56 1.057 10
-0.006 0.357 1.235 11
0.028 0.158 1.319 10
-0.137 0.073 1.014 9
-0.373 0.1 0.603 10
-0.465 0.366 -0.026 10
-0.393 0.665 -0.661 10
-0.224 0.909 -1.301 11
-0.159 1.034 -1.602 9
-0.013 1.189 -1.502 11
0.245 1.285 -1.05 10
0.333 1.122 -0.644 10
0.188 0.932 -0.286 9
-0.037 0.813 0.035 10
-0.283 0.68 0.195 10
-0.488 0.526 0.468 10
-0.396 0.473 0.844 11
-0.175 0.34 0.992 10
0.221 0.151 1.091 10
0.561 -0.001 0.982 10
0.78 0.024 1.004 10
0.961 0.107 0.895 9
0.934 0.166 0.564 11
0.702 0.183 0.103 10
0.339 0.243 -0.312 10
0.003 0.287 -0.686 9
-0.255 0.302 -0.884 10
-0.419 0.34 -0.873 10
-0.497 0.418 -0.726 11
-0.551 0.411 -0.584 10
-0.539 0.344 -0.672 10
-0.511 0.335 -0.863 9
-0.468 0.31 -0.992 10
-0.309 0.21 -1.005 10
-0.115 0.112 -0.853 11
-0.017 0.006 -0.466 10
-0.17 -0.089 0.347 9
-0.489 -0.175 1.519 11
-0.932 -0.157 2.608 10
-1.011 -0.253 2.649 10
-0.841 -0.581 2.013 9
-0.395 -0.609 0.579 10
0.264 -0.281 -0.676 10
0.815 -0.124 -1.685 11
1.173 -0.034 -2.525 10
1.185 0.124 -2.376 9
1.101 0.318 -1.389 10
0.991 0.209 -0.043 11
0.909 -0.113 1.219 10
0.672 -0.567 1.907 10
0.38 -0.915 2.078 9
0.041 -1.031 1.646 10
-0.092 -0.798 1.102 10
-0.574 -0.701 0.613 11
-0.784 -0.364 0.172 10
-0.843 -0.077 -0.111 9
-0.707 -0.113 -0.083 10
-0.473 -0.265 0.14 10
-0.253 -0.325 0.376 11
0.013 -0.309 0.537 10
0.313 -0.356 0.362 10
0.489 -0.467 0.222 9
0.466 -0.472 0.166 11
0.376 -0.399 0.227 10
0.416 -0.402 0.281 10
0.443 -0.431 0.271 10
0.45 -0.353 0.235 9
0.5 -0.275 0.099 10
0.605 -0.351 0.012 11
0.752 -0.445 0.036 10
0.806 -0.529 0.248 10
0.742 -0.649 0.465 9
0.659 -0.765 0.487 10
0.611 -0.844 0.309 11
0.627 -0.863 -0.048 10
0.849 -0.819 -0.423 9
1.169 -0.746 -0.794 11
1.224 -0.723 -1.189 9
1.179 -0.746 -1.337 11
0.941 -0.723 -1.229 10
0.683 -0.633 -1.089 9
0.416 -0.613 -0.756 10
0.28 -0.62 -0.387 10
0.079 -0.662 -0.193 11
0.132 -0.587 -0.277 10
0.144 -0.623 -0.448 10
0.087 -0.819 -0.929 10
0.319 -0.754 -1.232 9
0.451 -0.688 -1.437 11
0.466 -0.593 -1.439 10
0.549 -0.378 -1.14 9
0.649 -0.203 -0.724 10
0.662 -0.208 -0.212 10
0.975 -0.368 0.704 10
1.369 -0.831 1.401 11
1.447 -1.429 1.347 9
1.432 -1.545 1.005 10
0.961 -1.244 0.594 10
0.382 -0.731 0.044 10
-0.181 -0.227 -0.494 11
-0.533 0.157 -0.91 10
-0.721 0.511 -1.035 9
-0.761 0.883 -0.974 10
-0.754 1.294 -0.704 10
-0.679 1.587 -0.349 11
-0.585 1.696 -0.039 10
-0.656 1.733 0.128 9
-0.702 1.878 0.348 10
-0.649 1.958 0.494 10
-0.489 1.926 0.6 11
-0.432 1.966 0.66 10
-0.449 2.062 0.629 9
-0.481 2.175 0.575 10
-0.528 2.242 0.517 10
-0.492 2.267 0.414 11
-0.417 2.11 0.286 10
-0.401 1.881 0.318 9
-0.534 1.702 0.329 10
-0.73 1.532 0.287 10
-0.916 1.275 0.103 11
-1.195 1.053 -0.078 10
-1.42 0.982 -0.183 9
-1.64 0.935 -0.061 10
-1.502 0.807 0.108 10
-1.093 0.614 0.451 10
-0.38 0.225 0.759 10
0.183 -0.141 1.002 11
0.483 -0.42 0.953 10
0.547 -0.636 0.789 9
0.354 -0.771 0.451 11
0.052 -0.771 -0.11 9
-0.185 -0.772 -0.814 11
-0.348 -0.807 -1.371 10
-0.399 -0.803 -1.751 9
-0.428 -0.844 -2.058 11
-0.454 -0.966 -2.206 9
-0.469 -1.128 -2.123 10
-0.508 -1.282 -1.712 10
-0.569 -1.283 -1.119 11
-0.659 -1.086 -0.507 10
-0.74 -0.788 -0.086 10
-0.674 -0.588 0.094 9
-0.495 -0.702 0.18 10
-0.48 -0.83 0.463 10
-0.526 -0.678 0.951 11
-0.525 -0.472 1.313 9
-0.456 -0.511 1.406 10
-0.203 -0.546 1.274 11
0.066 -0.5 1.0 10
0.232 -0.441 0.633 10
0.252 -0.294 0.078 10
0.028 -0.152 -0.403 10
-0.284 -0.034 -0.604 10
-0.574 0.029 -0.535 10
-0.767 0.147 -0.395 10
-0.862 0.184 -0.097 9
-0.88 0.096 0.196 10
-0.809 0.026 0.401 11
-0.711 -0.018 0.679 10
-0.536 -0.051 0.792 10
-0.345 -0.158 0.817 10
-0.112 -0.28 0.924 10
0.183 -0.295 1.03 10
0.389 -0.291 1.151 10
0.505 -0.271 1.114 10
0.601 -0.209 0.882 10
0.61 -0.145 0.776 9
0.618 -0.07 0.569 10
0.668 -0.063 0.512 11
0.713 -0.048 0.659 9
0.754 -0.017 0.86 10
0.721 -0.085 1.067 10
0.641 -0.257 1.245 10
0.542 -0.352 1.345 11
0.333 -0.48 1.201 10
0.136 -0.648 0.995 9
-0.024 -0.618 0.714 10
-0.202 -0.47 0.307 10
-0.234 -0.362 -0.042 11
0.03 -0.343 -0.167 10
0.303 -0.455 -0.297 9
0.557 -0.548 -0.293 10
0.544 -0.501 -0.341 10
0.49 -0.503 -0.548 11
0.38 -0.591 -0.847 10
0.265 -0.549 -1.15 9
0.135 -0.477 -1.483 10
-0.007 -0.394 -1.705 10
-0.067 -0.303 -1.802 11
0.008 -0.299 -1.854 9
0.214 -0.458 -1.798 10
0.279 -0.619 -1.687 11
0.354 -0.626 -1.337 10
0.207 -0.546 -1.04 10
0.031 -0.405 -0.893 9
-0.075 -0.27 -0.812 10
-0.196 -0.002 -0.86 10
-0.34 0.351 -1.015 10
-0.332 0.669 -1.19 11
-0.385 0.878 -1.269 9
-0.502 1.049 -1.151 10
-0.564 1.263 -0.992 10
-0.421 1.36 -0.712 10
-0.163 1.388 -0.33 11
0.188 1.37 0.029 10
0.437 1.397 0.423 9
0.574 1.403 0.777 10
0.715 1.341 0.889 10
0.841 1.207 1.05 11
0.921 0.991 1.16 10
0.906 0.84 1.191 10
0.712 0.868 1.037 9
0.434 1.031 0.77 10
0.27 1.135 0.348 11
0.105 1.073 -0.039 9
-0.042 1.052 -0.328 11
-0.167 1.041 -0.485 9
-0.245 1.015 -0.592 10
-0.264 0.931 -0.645 11
-0.324 0.794 -0.658 10
-0.515 0.706 -0.575 9
-0.722 0.687 -0.422 10
-0.909 0.636 -0.346 11
-1.094 0.538 -0.225 10
-1.208 0.492 -0.219 10
-1.199 0.391 -0.163 9
-1.131 0.257 -0.147 10
-0.949 0.163 -0.063 11
-0.708 0.043 0.098 10
-0.619 -0.15 0.191 10
-0.618 -0.325 0.181 9
-0.651 -0.464 0.318 10
-0.663 -0.573 0.346 11
-0.562 -0.654 0.527 10
-0.42 -0.623 0.759 10
-0.231 -0.422 0.855 9
-0.105 -0.173 0.658 10
0.12 -0.13 0.221 11
0.177 -0.177 -0.085 10
0.22 -0.185 -0.231 10
0.232 -0.201 -0.337 9
0.157 -0.31 -0.484 10
0.064 -0.555 -0.66 10
-0.166 -0.767 -0.62 11
-0.442 -0.854 -0.523 9
-0.639 -0.949 -0.497 10
-0.86 -1.078 -0.456 10
-1.084 -1.022 -0.324 11
-1.277 -0.877 -0.197 10
-1.46 -0.677 -0.255 9
-1.564 -0.506 -0.341 10
-1.554 -0.257 -0.436 10
-1.312 -0.102 -0.237 11
-0.983 -0.04 0.251 10
-0.565 0.006 0.726 9
-0.173 0.031 1.42 10
0.171 0.011 2.286 10
0.594 -0.187 2.747 11
0.896 -0.496 2.964 10
1.143 -0.628 2.702 9
1.123 -0.548 2.302 10
0.942 -0.2 1.624 10
0.805 0.061 0.893 11
0.707 0.124 0.277 10
0.619 0.12 -0.172 9
0.565 0.125 -0.344 10
0.552 0.0 -0.361 10
0.514 -0.145 -0.196 10
0.402 -0.251 0.09 11
0.276 -0.286 0.348 9
0.136 -0.292 0.563 11
0.114 -0.289 0.584 9
0.085 -0.329 0.397 10
0.111 -0.279 0.185 11
0.169 -0.225 -0.074 10
0.255 -0.254 -0.291 9
0.368 -0.349 -0.357 10
0.581 -0.452 -0.278 11
0.704 -0.622 -0.121 10
0.694 -0.784 0.011 10
0.581 -0.895 0.113 10
0.592 -0.952 0.205 10
0.602 -0.978 0.331 10
0.533 -0.914 0.367 10
0.591 -0.763 0.305 10
0.731 -0.738 0.102 10
0.873 -0.802 -0.226 9
0.923 -0.765 -0.635 10
0.814 -0.654 -1.028 10
0.663 -0.502 -1.339 10
0.476 -0.331 -1.739 10
0.265 -0.152 -2.048 11
0.014 0.052 -2.188 9
-0.271 0.366 -2.124 11
-0.502 0.726 -2.127 10
-0.641 0.981 -1.682 9
-0.638 1.02 -1.1 10
-0.505 1.039 -0.473 10
-0.342 1.125 0.203 10
-0.11 1.245 0.613 10
0.107 1.379 0.716 10
0.295 1.431 0.653 11
0.429 1.443 0.622 9
0.489 1.385 0.629 10
0.466 1.332 0.807 10
0.351 1.406 0.994 10
0.195 1.3 1.084 11
0.037 1.273 1.079 9
0.0 1.275 0.997 10
-0.034 1.053 0.69 11
0.003 0.74 0.449 9
-0.066 0.64 0.274 11
-0.162 0.49 -0.028 10
-0.396 0.277 -0.206 9
-0.563 0.155 -0.47 10
-0.765 0.156 -0.733 10
-0.922 0.253 -1.013 11
-1.002 0.271 -1.256 9
-1.152 0.338 -1.174 10
-1.235 0.399 -1.177 10
-1.189 0.256 -1.025 10
-1.052 -0.002 -0.733 11
-0.904 -0.225 -0.358 9
-0.822 -0.418 0.013 10
-0.637 -0.566 0.27 11
-0.409 -0.716 0.33 9
-0.291 -0.808 0.141 10
-0.287 -0.822 -0.018 10
-0.31 -0.723 -0.154 10
-0.331 -0.599 -0.328 11
-0.375 -0.573 -0.433 9
-0.493 -0.464 -0.304 10
-0.616 -0.306 0.01 11
-0.675 -0.189 0.216 9
-0.625 -0.187 0.461 11
-0.433 -0.246 0.915 10
-0.234 -0.29 1.332 10
-0.194 -0.339 1.526 10
-0.088 -0.503 1.443 10
-0.165 -0.737 1.203 10
-0.278 -0.715 0.868 9
-0.457 -0.454 0.384 10
-0.541 -0.227 -0.119 10
-0.495 -0.162 -0.495 10
-0.402 -0.128 -0.617 11
-0.25 -0.038 -0.728 9
-0.01 -0.051 -0.707 10
0.292 -0.158 -0.645 10
0.444 -0.185 -0.546 10
0.408 -0.124 -0.396 11
0.35 -0.042 -0.253 10
0.28 -0.055 -0.159 9
0.183 -0.058 -0.005 10
0.174 -0.052 0.141 10
0.173 -0.038 0.317 11
0.259 -0.043 0.483 10
0.363 -0.073 0.624 9
0.395 -0.118 0.622 10
0.364 -0.097 0.612 11
0.405 -0.044 0.516 10
0.486 -0.066 0.361 10
0.532 -0.18 0.307 10
0.573 -0.17 0.363 10
0.585 -0.205 0.404 10
0.595 -0.314 0.51 10
0.562 -0.325 0.519 10
0.445 -0.362 0.536 9
0.349 -0.343 0.517 10
0.236 -0.291 0.396 10
0.213 -0.271 0.245 11
0.364 -0.235 -0.037 10
0.526 -0.194 -0.309 9
0.68 -0.149 -0.408 10
0.75 -0.134 -0.677 11
0.813 -0.129 -0.713 10
0.731 -0.133 -0.719 9
0.52 -0.189 -0.595 10
0.382 -0.23 -0.381 10
0.344 -0.354 -0.067 10
0.395 -0.405 0.223 11
0.52 -0.519 0.572 9
0.623 -0.726 0.876 10
0.845 -0.903 0.72 10
0.924 -1.14 0.51 10
0.909 -1.155 0.036 11
0.792 -0.954 -0.466 9
0.679 -0.686 -0.945 10
0.593 -0.445 -1.299 10
0.482 -0.254 -1.333 10
0.382 -0.073 -1.122 11
0.292 0.123 -0.579 9
0.194 0.3 0.108 10
0.123 0.391 0.76 10
0.119 0.489 1.184 10
0.064 0.647 1.281 11
0.135 0.677 1.144 9
0.079 0.679 0.858 10
-0.075 0.8 0.548 10
-0.266 0.987 0.226 10
-0.394 1.207 0.048 11
-0.389 1.354 -0.025 10
-0.29 1.408 0.071 9
-0.071 1.362 0.194 10
0.133 1.234 0.415 10
0.353 1.12 0.658 10
0.395 0.999 0.636 10
0.252 0.942 0.356 10
-0.005 0.986 -0.04 10
-0.203 1.034 -0.536 11
-0.355 0.896 -1.051 9
-0.647 0.806 -1.291 11
-0.875 0.794 -1.394 9
-1.046 0.68 -1.315 10
-1.148 0.543 -1.201 11
-1.266 0.489 -0.995 10
-1.295 0.457 -0.749 9
-1.148 0.325 -0.519 10
-0.93 0.12 -0.346 11
-0.5 -0.011 -0.104 10
-0.131 -0.088 0.103 10
0.036 -0.165 0.222 9
0.049 -0.278 0.243 10
-0.049 -0.517 0.193 11
-0.277 -0.724 0.105 9
-0.465 -0.833 -0.06 11
-0.746 -0.948 -0.356 9
-0.964 -0.965 -0.536 10
-1.135 -0.773 -0.516 11
-1.194 -0.455 -0.396 9
-1.023 -0.297 -0.33 11
-0.8 -0.362 -0.03 9
-0.513 -0.481 0.558 11
-0.229 -0.691 1.14 9
-0.033 -0.864 1.319 10
-0.073 -1.062 1.282 11
-0.307 -1.111 0.895 10
-0.664 -0.974 0.331 10
-0.891 -0.669 -0.364 10
-1.043 -0.464 -0.854 9
-1.137 -0.177 -1.191 11
-1.101 0.185 -1.321 9
-0.93 0.485 -1.284 10
-0.613 0.618 -1.018 10
-0.267 0.608 -0.58 10
0.026 0.607 -0.065 11
0.195 0.641 0.406 10
0.236 0.637 0.771 10
0.221 0.574 0.986 9
0.199 0.551 1.086 10
0.17 0.53 1.15 11
0.127 0.52 1.138 9
0.106 0.442 1.205 10
0.199 0.355 1.223 10
0.36 0.268 1.143 11
0.47 0.189 1.089 10
0.544 0.092 0.963 10
0.645 0.057 0.893 9
0.675 -0.016 0.596 10
0.771 -0.084 0.597 10
0.797 -0.179 0.425 11
0.649 -0.212 0.297 10
0.446 -0.165 0.086 10
0.315 -0.157 -0.198 10
0.266 -0.262 -0.23 10
0.136 -0.253 -0.448 10
-0.058 -0.228 -0.567 9
-0.276 -0.231 -0.579 11
-0.334 -0.216 -0.512 10
-0.232 -0.264 -0.487 10
0.17 -0.392 -0.766 10
0.515 -0.594 -0.939 9
0.679 -0.647 -0.69 11
0.749 -0.703 -0.319 10
0.82 -0.745 -0.348 10
0.712 -0.791 -0.244 10
0.322 -0.703 -0.004 9
0.281 -0.96 0.349 11
0.339 -1.312 0.762 10
0.271 -1.207 0.781 10
0.209 -0.905 0.772 10
0.197 -0.72 0.608 10
0.367 -0.915 0.564 10
0.614 -1.211 0.672 9
0.518 -1.53 0.587 11
0.579 -1.575 0.778 10
0.366 -1.46 1.364 10
-0.041 -1.004 1.366 10
-0.252 -0.473 1.065 9
-0.425 -0.106 0.804 10
-0.512 0.205 0.24 11
-0.504 0.529 -0.429 10
-0.384 0.735 -0.791 9
-0.26 0.825 -1.1 11
-0.173 0.855 -1.309 9
-0.156 0.898 -1.316 11
-0.063 0.964 -1.184 10
0.02 0.841 -1.023 10
0.087 0.835 -0.808 9
0.173 0.863 -0.995 10
0.208 0.829 -1.197 11
0.247 0.754 -1.215 10
0.179 0.601 -1.231 9
0.049 0.438 -0.901 10
-0.093 0.359 -0.32 10
-0.213 0.315 0.203 11
-0.269 0.188 0.484 10
-0.294 -0.054 0.599 10
-0.428 -0.255 0.548 9
-0.446 -0.281 0.45 10
-0.306 -0.236 0.215 11
-0.25 -0.333 -0.15 10
-0.138 -0.368 -0.626 10
-0.116 -0.357 -0.986 9
-0.199 -0.33 -1.137 10
-0.343 -0.289 -1.213 11
-0.498 -0.217 -1.23 10
-0.612 -0.195 -1.219 9
-0.654 -0.227 -1.097 10
-0.666 -0.256 -1.022 10
-0.669 -0.248 -0.962 11
-0.671 -0.214 -0.918 9
-0.56 -0.124 -0.973 10
-0.444 -0.042 -1.073 10
-0.391 0.004 -1.207 10
-0.421 0.09 -1.311 11
-0.456 0.21 -1.438 9
-0.523 0.301 -1.484 11
-0.608 0.374 -1.396 9
-0.685 0.466 -1.291 10
-0.737 0.54 -1.11 11
-0.689 0.641 -0.913 10
-0.517 0.706 -0.701 9
-0.293 0.636 -0.26 10
-0.143 0.546 0.213 11
-0.016 0.491 0.649 10
0.027 0.511 0.851 10
-0.112 0.572 0.973 10
-0.437 0.773 1.151 10
-0.867 1.067 1.208 10
-1.263 1.348 1.131 10
-1.533 1.696 1.078 10
-1.733 2.112 1.005 10
-1.793 2.452 1.232 10
-1.588 2.526 1.85 10
-1.213 2.368 2.475 9
-0.609 1.976 2.486 11
0.304 1.167 2.444 9
1.092 0.093 2.467 10
1.466 -0.812 2.642 11
1.207 -1.403 2.792 10
0.604 -1.616 2.426 9
0.173 -1.402 2.132 11
-0.326 -1.159 1.479 9
-0.578 -0.905 0.711 10
-0.529 -0.633 0.122 11
-0.424 -0.467 -0.303 10
-0.192 -0.403 -0.626 10
0.033 -0.543 -0.779 9
0.211 -0.834 -0.908 10
0.241 -1.061 -1.015 11
0.217 -1.144 -0.974 9
0.221 -1.202 -0.911 11
0.199 -1.151 -0.923 9
0.231 -1.079 -0.882 10
0.492 -1.005 -0.803 11
0.865 -1.086 -0.576 10
1.218 -1.201 -0.242 9
1.493 -1.271 0.16 11
1.516 -1.264 0.359 9
1.416 -1.103 0.436 11
1.024 -0.872 0.254 10
0.775 -0.432 -0.089 9
0.431 -0.19 -0.572 10
0.163 -0.033 -0.937 11
-0.136 0.03 -1.248 10
-0.347 0.121 -1.296 10
-0.381 0.195 -1.037 9
-0.274 0.236 -0.907 11
0.037 0.031 -0.937 9
0.145 0.132 -0.223 11
0.527 0.274 -0.571 9
0.759 -0.098 -0.497 10
1.683 -0.7 0.854 11
1.411 0.421 0.656 10
0.167 1.172 0.297 10
-0.091 -0.074 0.069 9
-0.021 0.295 -0.204 10
0.17 0.722 -0.045 11
0.299 0.676 0.027 10
0.269 0.608 0.007 10
0.294 0.539 0.291 9
0.359 0.545 0.606 11
0.211 0.611 1.037 10
-0.067 0.705 1.175 10
-0.19 0.6 1.316 10
0.337 0.307 1.443 9
0.665 0.173 1.764 11
0.986 0.121 2.26 10
1.189 -0.252 2.904 9
1.389 -0.787 3.329 11
1.388 -0.889 4.203 9
0.999 -0.473 2.964 11
0.382 -0.331 1.004 9
-0.267 -0.306 0.317 10
-0.223 -0.491 -0.239 11
-0.106 0.005 -1.155 9
0.059 0.091 -1.479 11
0.32 -0.133 -1.495 10
0.616 -0.214 -1.052 9
0.709 0.039 -0.568 11
0.466 -0.093 -0.356 9
0.178 -0.282 -0.346 11
-0.02 -0.245 -0.346 10
-0.147 -0.152 -0.371 10
-0.132 -0.067 -0.429 10
-0.067 -0.095 -0.636 9
-0.035 -0.137 -0.934 11
0.045 -0.167 -1.099 10
-0.001 -0.236 -1.17 10
-0.191 -0.256 -1.226 10
-0.491 -0.308 -1.146 9
-0.735 -0.277 -1.213 11
-0.782 -0.206 -1.298 10
-0.66 -0.116 -1.367 10
-0.534 0.11 -1.359 10
-0.463 0.306 -1.378 9
-0.339 0.387 -1.387 11
-0.185 0.426 -1.274 10
-0.08 0.478 -1.035 10
-0.029 0.516 -0.767 10
-0.017 0.551 -0.492 9
0.001 0.565 -0.443 11
-0.016 0.534 -0.468 10
-0.066 0.515 -0.404 10
-0.059 0.446 -0.242 10
-0.036 0.419 0.014 10
-0.075 0.454 0.271 10
-0.163 0.4 0.433 10
-0.189 0.283 0.657 10
-0.179 0.168 0.712 10
-0.196 0.031 0.425 10
-0.236 0.036 0.288 10
-0.411 0.119 0.181 9
-0.585 0.064 -0.008 11
-0.621 0.066 -0.085 10
-0.456 0.016 -0.671 10
-0.298 0.178 0.309 10
-0.182 0.066 1.571 10
-0.233 0.188 1.121 10
-0.313 0.592 0.965 10
-0.29 0.722 1.696 10
-0.054 0.546 2.707 10
0.261 0.319 3.367 9
0.157 0.227 3.091 10
0.219 -0.631 2.222 11
0.473 -1.05 2.12 9
0.477 -1.212 2.322 10
0.076 -1.341 2.038 10
-0.396 -1.353 1.429 11
-0.727 -1.132 0.605 10
-0.784 -0.881 -0.067 10
-0.619 -0.732 -0.224 9
-0.367 -0.478 -0.141 10
-0.124 -0.258 -0.032 11
-0.06 -0.172 -0.055 10
-0.105 -0.094 -0.325 9
-0.181 -0.059 -0.491 11
-0.344 -0.139 -0.7 10
-0.525 -0.237 -0.742 10
-0.627 -0.282 -0.849 10
-0.599 -0.297 -1.169 9
-0.375 -0.276 -1.302 10
-0.114 -0.352 -1.327 10
0.104 -0.437 -1.427 11
0.266 -0.454 -1.379 10
0.403 -0.529 -1.344 9
0.164 -0.433 -1.322 11
-0.17 -0.415 -1.155 10
-0.351 -0.408 -1.195 10
-0.325 -0.428 -1.42 10
-0.172 -0.385 -1.416 10
-0.025 -0.286 -0.998 10
0.209 -0.249 -0.502 10
0.49 -0.164 -0.435 9
0.648 0.145 -0.434 11
0.738 0.251 -0.261 10
0.785 0.252 -0.028 10
0.689 0.373 0.077 9
0.586 0.456 0.112 11
0.475 0.419 0.36 10
0.376 0.231 0.556 10
0.623 0.251 0.664 9
0.543 0.07 0.589 11
0.541 0.029 0.47 9
0.366 0.078 0.5 11
0.165 0.078 0.459 10
0.028 0.027 0.318 10
0.077 -0.035 0.493 10
0.155 -0.023 0.746 10
0.278 -0.012 0.8 10
0.345 0.049 0.772 10
0.302 0.242 0.617 10
0.383 0.27 0.555 10
0.655 0.01 0.767 9
0.866 -0.309 1.181 11
0.934 -0.545 1.563 10
0.841 -0.698 1.907 10
0.662 -0.826 2.035 10
0.458 -0.847 1.857 9
0.196 -0.796 1.404 11
-0.029 -0.734 0.721 9
-0.078 -0.833 0.494 10
-0.044 -0.991 0.453 11
0.037 -1.004 0.269 10
0.033 -0.921 -0.274 9
0.15 -0.742 -0.729 11
-0.01 -0.573 -0.915 10
-0.035 -0.275 -0.866 10
-0.109 -0.075 -0.452 9
-0.089 0.165 -0.321 11
0.022 0.355 -0.435 10
0.166 0.509 -0.512 9
0.356 0.561 -0.297 11
0.51 0.505 -0.164 10
0.666 0.437 -0.389 10
0.677 0.368 -0.453 10
0.558 0.124 -0.503 10
0.441 -0.163 -0.332 10
0.208 -0.164 -0.221 9
-0.209 -0.113 -0.673 11
-0.515 -0.119 -1.036 10
-0.636 -0.176 -0.976 10
-0.641 -0.279 -0.973 9
-0.603 -0.173 -1.108 11
-0.603 0.067 -1.446 10
-0.646 0.19 -1.301 9
-0.59 0.3 -1.223 10
-0.428 0.399 -0.945 10
-0.031 0.514 -0.842 11
-0.08 0.902 -1.163 10
-0.124 0.959 -1.029 10
-0.111 0.958 -0.521 10
-0.134 0.905 -0.426 9
-0.13 0.84 -0.495 11
-0.099 0.739 -0.394 9
-0.038 0.656 -0.217 11
-0.025 0.539 0.011 10
-0.014 0.364 0.053 9
-0.107 0.224 0.272 11
-0.252 0.15 0.65 10
-0.261 0.23 0.8 9
-0.243 0.233 0.591 11
-0.193 0.244 0.195 9
-0.26 0.288 0.098 11
-0.355 0.191 0.347 10
-0.405 0.12 0.286 10
-0.597 0.09 -0.319 9
-0.357 0.297 -1.657 10
-0.235 0.957 1.076 10
0.089 0.585 1.856 11
0.356 0.208 1.429 9
0.493 0.308 1.605 11
0.366 0.32 1.66 10
0.778 0.443 1.442 10
1.053 -0.04 1.72 10
1.017 -0.631 2.022 10
0.441 -1.024 1.975 10
-0.533 -1.12 1.864 9
-1.471 -0.741 1.755 11
-1.781 -0.443 1.553 10
-1.732 -0.338 1.338 10
-1.309 -0.183 1.359 10
-0.764 -0.062 1.447 10
-0.369 -0.021 1.147 10
-0.133 -0.088 0.507 10
-0.18 -0.294 0.154 10
-0.386 -0.799 0.053 10
-0.598 -0.693 -0.891 10
-0.124 -1.081 -1.293 10
0.499 -1.645 -1.552 10
0.432 -1.179 -1.129 10
0.268 -0.707 -0.913 10
0.259 -1.283 -0.692 9
0.862 -1.284 -0.528 10
0.845 -0.768 -0.88 11
0.614 -0.286 -1.197 10
0.518 -0.111 -1.362 9
0.457 -0.091 -1.476 11
0.455 -0.116 -1.613 10
0.392 -0.113 -1.632 10
0.353 -0.041 -1.59 10
0.403 0.082 -1.517 10
0.466 0.117 -1.434 10
0.549 0.054 -1.377 9
0.615 0.014 -1.274 11
0.605 0.012 -1.129 9
0.536 0.037 -0.938 11
0.448 0.033 -0.732 9

# Completed @Wed Jul 20 22:07:22 CEST 2016
