# Accelerometer Data File
# Started @Sun Jul 17 23:10:45 CEST 2016
#
#
# sensor Vendor: STMicroelectronics
# sensor Name: 3-axis Accelerometer sensor
# sensor Resolution: 0.009576807m/sec^2; Max Range: 39.2266; Min Delay: 10000 microseconds
# The sensor's attributes are the result hardware and the Android capabilities.
# It means that the Android may not utilize all features provided by the hardware.
#
# Some devices and Android versions save battery too much so the device may go to sleep.
# It just happens after couple of minutes from turning off the scree and it is easy to find it out.
#
# The following file provides the data from accelerometer in the m/s^2 format.
# The diff value is just a time delta between the samples
#
#
# data format:
# so we have 4 columns with values separated by the " "
# X Y Z time_from_previous_sample(ms)

# sensor speed set to:UI
# units set to: m/sec^2
# gravity NOT filtered out
# Accuracy: HIGH
0.392 6.071 6.244 0
0.095 5.87 6.789 19
-0.057 5.793 7.651 21
0.105 5.966 8.121 20
0.823 5.841 8.169 19
1.455 5.784 8.188 20
1.426 6.014 8.274 20
0.976 5.544 8.015 20
0.421 5.698 9.126 20
0.172 5.2 8.236 20
0.296 5.142 8.609 20
0.478 5.43 8.264 21
0.363 4.989 8.312 19
-0.114 4.788 8.676 21
-0.201 5.152 10.151 20
0.804 5.027 9.528 20
1.292 4.118 9.308 20
1.273 4.146 9.117 20
0.632 4.386 8.121 19
0.229 4.548 7.422 21
0.239 4.558 7.422 20
0.22 4.395 8.36 20
-0.325 4.472 9.768 70
0.766 4.232 7.651 70
0.756 4.079 8.073 69
-0.306 5.066 8.81 70
0.45 6.09 8.571 70
-0.43 6.119 9.279 20
-0.775 7.278 10.18 20
0.766 6.952 11.061 20
1.292 6.1 10.802 20
0.842 5.985 10.917 20
0.162 5.87 10.122 21
-0.603 5.707 10.247 19
-1.139 5.286 11.147 20
-1.359 4.654 11.377 20
-1.81 4.098 11.358 20
-2.298 4.137 10.496 20
-2.135 4.386 9.586 20
-1.446 4.319 9.27 20
-1.101 4.165 7.977 20
-1.005 3.993 7.814 41
-1.206 3.907 8.331 20
-1.053 3.849 8.322 19
-0.746 3.782 7.584 20
-0.248 3.667 6.493 20
-0.22 3.543 6.263 21
-0.584 3.84 5.65 19
-0.737 4.079 6.244 20
-0.421 4.414 8.887 20
-0.383 4.204 8.169 21
-0.421 4.606 8.935 19
-0.143 5.248 9.212 20
-0.009 5.449 8.59 20
0.402 5.64 8.236 21
0.871 5.315 10.352 19
1.015 4.893 10.477 21
0.957 5.094 9.308 20
1.446 5.324 9.174 19
2.193 4.395 8.427 21
2.394 4.041 9.414 19
1.972 4.108 8.35 20
1.379 4.568 8.82 20
1.101 4.702 9.471 20
1.264 4.788 9.892 20
1.551 4.807 9.212 20
1.561 4.96 6.77 20
1.407 5.41 6.167 20
1.283 5.276 6.828 20
1.379 5.334 6.569 20
1.379 5.142 7.211 20
1.541 5.19 6.703 20
0.995 5.324 6.627 21
0.383 5.784 6.751 19
0.517 6.1 6.828 20
0.679 6.56 7.881 20
0.699 6.665 9.002 20
0.363 6.579 9.567 21
-0.143 6.627 9.414 19
-0.45 6.397 9.481 20
-0.957 6.119 9.586 20
-1.283 5.679 8.513 20
-1.302 5.506 9.107 40
-1.436 5.324 9.528 20
-1.532 5.228 9.174 20
-1.637 5.506 8.571 20
-1.34 5.439 8.025 20
-0.909 5.238 9.145 20
-0.239 4.568 9.184 20
-0.316 4.137 8.437 20
-0.766 4.165 6.636 20
-1.13 4.271 5.372 20
-0.919 4.606 4.711 20
-0.344 4.204 4.424 20
0.086 4.012 5.152 20
-0.172 3.859 5.726 20
-0.44 4.156 6.215 20
-0.746 4.539 7.441 20
-0.766 5.037 8.054 20
-0.565 5.19 8.283 20
-0.497 5.401 9.337 20
-0.239 5.525 11.204 20
-0.363 5.516 11.827 20
0.0 5.439 10.639 20
-0.153 5.793 9.739 20
-0.545 6.071 8.858 20
-0.229 5.803 8.858 20
1.082 5.075 9.337 20
1.972 4.683 9.662 20
2.116 4.558 9.232 20
1.225 4.692 9.088 20
0.402 4.836 8.073 20
-0.191 5.257 6.914 20
-0.306 5.573 6.416 20
0.555 5.382 7.23 20
1.474 5.066 8.101 20
1.541 5.008 8.054 20
1.398 5.085 7.651 20
0.976 5.171 7.393 20
0.507 5.535 7.24 20
0.296 5.669 7.833 20
0.201 5.698 6.991 21
0.153 5.918 6.828 19
-0.076 6.11 6.991 40
-0.306 6.157 7.23 20
-0.316 5.947 8.379 20
-0.316 5.793 9.442 20
-0.545 5.765 9.481 20
-1.254 5.841 9.107 20
-1.589 5.947 8.762 20
-1.072 5.228 9.423 20
-0.44 4.673 9.414 20
-0.67 4.596 8.762 20
-1.149 4.769 8.35 20
-0.995 4.778 8.686 20
-0.632 4.539 9.394 20
-0.354 4.156 9.26 20
-0.296 3.869 7.987 20
-0.43 3.706 6.646 20
-0.526 3.792 6.052 20
-0.459 3.84 5.937 20
-0.354 3.801 6.598 20
-0.258 3.916 7.632 20
-0.335 4.031 8.513 20
-0.287 4.127 8.341 20
0.076 4.338 8.734 21
0.718 4.501 9.069 19
1.331 4.548 9.777 20
1.379 4.778 10.314 20
1.12 4.788 10.333 20
0.641 4.941 9.586 20
0.287 5.037 9.777 20
0.162 4.74 10.017 20
0.411 4.587 9.739 20
0.622 4.807 8.973 20
0.517 5.037 8.81 20
0.699 5.133 8.81 20
1.187 5.133 8.101 20
0.967 5.238 7.833 20
0.469 5.573 8.255 20
0.402 5.535 8.101 21
0.852 5.286 7.546 20
1.312 5.142 6.78 20
1.321 5.219 6.339 19
1.187 5.152 6.09 40
0.938 5.161 5.832 20
0.593 5.295 5.736 20
0.335 5.612 6.014 21
0.162 6.004 6.732 19
0.287 6.11 7.259 21
0.555 6.196 8.274 19
0.651 6.138 9.279 20
0.402 6.234 9.797 20
0.134 6.081 9.988 21
-0.43 5.784 9.481 19
-1.216 5.755 9.174 20
-1.857 5.918 9.165 20
-1.675 5.592 8.82 20
-1.292 5.228 9.03 20
-1.235 5.228 9.002 20
-1.407 5.343 8.58 21
-1.474 5.295 8.398 19
-1.158 5.075 8.13 20
-0.622 4.539 7.489 21
-0.383 4.252 6.761 19
-0.383 4.118 6.014 20
-0.536 4.05 5.497 20
-0.718 4.194 5.966 20
-0.737 4.501 7.125 20
-0.086 4.434 8.149 21
0.459 4.386 9.289 19
0.584 4.52 9.758 20
0.22 4.769 9.184 20
-0.277 5.037 9.021 20
-0.373 4.903 9.691 90
1.991 3.591 9.375 70
0.181 4.644 8.494 70
-0.009 5.018 7.68 70
0.66 4.644 6.732 70
0.134 5.458 6.263 70
0.095 6.071 8.398 70
-0.411 5.755 9.595 70
-1.666 5.784 9.691 70
-1.896 5.152 9.519 70
-1.177 4.261 7.642 70
-0.995 3.61 6.837 70
-1.58 4.252 7.029 70
-0.785 5.487 9.452 70
-0.756 5.87 9.854 70
-1.197 5.88 9.749 70
-0.746 5.248 8.973 70
-0.651 4.893 8.944 70
0.89 5.027 7.489 70
0.172 4.587 6.646 70
-0.095 3.888 5.583 70
-0.143 4.347 5.621 70
-0.277 5.305 5.458 70
-1.216 5.707 9.567 70
-1.388 5.793 12.229 70
-1.426 5.43 10.869 70
-0.296 4.319 9.136 70
-0.833 3.466 7.259 70
-0.699 3.715 6.962 70
0.086 3.859 8.628 70
0.067 4.501 8.197 70
0.881 5.516 7.967 70
0.871 6.052 10.687 70
0.114 4.903 8.475 70
-0.373 5.822 7.929 70
-0.028 5.094 9.002 70
0.565 4.951 7.575 70
0.593 5.439 7.345 70
0.967 6.148 7.489 70
-0.009 6.081 9.136 70
-1.158 6.11 10.342 70
-1.053 5.746 10.285 70
-1.896 4.778 11.626 71
-1.139 3.323 9.021 69
-0.603 2.557 7.201 70
-0.325 3.629 8.743 70
0.143 3.821 10.151 70
0.718 3.945 10.113 70
2.279 3.562 8.408 70
0.497 3.926 8.935 70
-0.172 4.663 7.958 70
0.392 4.75 7.795 70
0.296 5.382 8.35 70
0.21 5.908 8.858 70
-0.258 5.248 8.178 70
1.063 5.295 8.178 70
-0.708 4.989 6.234 70
-1.264 4.702 7.843 70
-1.015 4.501 8.513 70
-0.296 4.414 9.136 70
-0.124 4.491 9.442 70
1.302 3.897 10.716 70
2.212 2.116 9.414 70
-0.9 5.075 9.021 70
0.833 4.51 8.628 70
-0.105 4.232 7.297 70
0.134 5.267 7.699 70
0.603 7.354 9.825 70
0.708 7.709 9.854 70
-0.593 5.688 9.892 70
-1.283 5.123 7.307 70
-1.493 3.888 7.278 70
-1.379 3.869 6.588 20
-1.177 3.945 6.579 21
-0.9 3.792 7.058 19
-0.325 3.552 7.958 20
-0.162 3.361 8.762 20
-0.402 3.351 8.504 20
-0.536 3.313 7.603 20
-0.536 3.457 6.531 20
-0.727 3.552 6.119 20
-1.091 3.801 6.11 20
-0.804 3.849 7.287 20
-0.239 3.773 8.724 20
-0.153 3.869 9.356 20
-1.005 4.242 9.327 20
-1.838 4.644 9.959 20
-1.666 4.29 11.453 21
-0.565 3.849 11.166 19
-0.248 3.907 10.141 21
-0.363 4.654 9.337 19
-0.708 5.295 8.954 20
-0.469 5.276 8.619 20
-0.469 5.276 8.532 20
-0.047 4.951 8.532 20
0.124 4.759 8.561 21
-0.316 4.903 8.274 19
-0.957 5.468 7.891 21
-1.168 6.023 8.207 20
-0.584 5.995 8.772 19
-0.134 6.033 9.145 20
0.316 5.928 8.839 20
0.526 6.119 7.422 20
0.095 6.493 7.144 20
-0.517 6.789 7.307 20
-0.172 6.406 6.933 20
-0.469 6.512 7.058 20
-0.842 6.627 7.594 21
-0.842 6.406 8.504 20
-1.11 6.655 9.95 19
-1.407 6.655 10.927 20
-1.675 6.129 11.894 20
-2.547 6.129 11.281 20
-3.505 5.851 10.18 21
-3.849 5.142 8.35 19
-3.591 4.309 7.287 20
-2.652 3.639 5.822 20
-1.704 3.457 4.96 20
-1.723 4.05 3.485 20
-1.541 4.74 3.763 20
-1.216 4.769 4.999 20
-1.139 4.558 7.718 20
-1.379 4.175 8.944 20
-1.379 3.801 9.414 20
-1.857 3.897 9.117 20
-2.279 4.108 8.427 20
-2.269 4.07 7.852 20
-1.896 3.974 8.149 20
-1.589 4.127 8.58 20
-1.225 4.223 8.963 20
-1.158 4.606 9.107 20
-1.197 4.635 9.308 20
-0.881 4.118 9.653 20
-0.909 3.763 10.055 21
-1.063 3.907 10.716 19
-0.028 3.457 11.367 40
1.149 3.332 10.524 20
1.225 4.185 9.011 20
1.302 4.941 8.734 20
1.474 5.027 9.385 20
1.264 4.577 10.007 20
1.043 4.28 10.026 20
0.718 4.299 9.069 20
0.373 4.501 8.063 20
0.632 4.625 7.297 20
0.737 4.903 6.895 20
0.641 5.027 7.01 20
0.814 4.817 6.952 20
0.871 4.568 6.445 20
0.612 4.711 5.573 20
0.316 5.114 5.027 20
0.239 5.726 5.372 20
0.45 6.291 6.215 20
0.45 6.751 7.096 20
0.488 6.828 8.37 20
0.708 6.713 8.973 20
0.881 6.512 9.433 20
0.833 6.205 9.557 20
0.536 6.023 9.921 20
0.201 5.669 10.409 20
0.009 5.391 10.256 20
-0.258 5.343 8.408 20
-0.632 5.65 6.837 20
-1.034 5.87 6.358 20
-1.216 5.956 6.512 20
-1.063 5.736 7.307 20
-1.034 5.736 7.422 20
-1.206 5.966 6.742 20
-1.34 6.157 6.023 20
-1.072 5.908 6.186 20
-0.478 5.439 6.866 20
0.124 4.941 7.086 20
0.229 4.443 6.627 20
0.028 4.606 6.272 20
-0.277 4.663 5.995 20
-0.574 4.673 6.052 20
-0.794 4.625 7.144 40
-0.699 4.616 8.36 20
-0.689 4.807 8.609 20
-0.766 4.96 8.446 20
-0.928 5.458 7.9 20
-1.024 6.244 7.517 20
-0.814 6.732 8.178 20
-0.459 6.904 8.743 20
-0.105 6.627 8.925 20
-0.009 6.493 8.667 20
-0.201 6.646 8.619 20
-0.296 6.54 9.059 20
-0.248 6.023 9.385 20
-0.268 5.659 8.983 20
-0.277 4.759 8.197 20
-0.574 4.367 7.747 20
-1.235 4.836 7.249 20
-1.8 5.592 7.508 20
-1.446 5.966 7.977 20
-0.574 5.707 8.245 20
0.067 5.276 9.998 20
0.172 4.951 10.323 20
-0.105 5.334 9.864 20
-0.191 6.1 9.548 20
0.411 6.301 9.749 20
1.225 5.956 9.576 20
1.752 5.324 8.552 20
1.934 4.836 7.134 20
1.58 4.788 6.09 20
1.177 4.673 5.65 20
0.842 4.481 5.947 20
0.526 4.146 5.276 20
0.181 4.012 4.807 20
-0.181 4.022 4.079 20
-0.363 4.29 3.485 20
-0.258 4.539 3.179 20
-0.105 4.826 3.505 20
0.258 5.094 4.252 20
0.593 5.334 5.889 20
0.833 5.583 6.177 20
0.756 5.985 6.416 20
0.612 6.406 7.163 40
0.584 6.569 7.096 20
0.45 6.828 6.876 20
0.268 7.144 6.77 20
0.019 7.651 7.757 20
-0.086 8.159 8.255 20
0.277 8.054 8.073 20
0.603 7.852 7.584 20
0.459 7.766 7.623 20
0.392 7.479 8.398 20
0.268 7.278 8.791 20
0.555 6.512 9.375 20
0.948 5.142 8.944 20
0.44 4.702 7.173 20
-0.478 5.736 6.062 20
-1.139 7.584 6.186 20
-0.679 7.69 6.924 20
0.402 7.23 7.077 20
1.513 6.607 7.556 20
2.221 5.774 8.571 20
1.838 5.171 9.471 20
1.177 4.884 9.605 20
0.584 4.587 8.714 20
1.628 4.817 7.105 70
1.742 4.826 7.086 70
0.392 6.483 6.943 70
1.685 5.372 10.323 70
0.153 6.473 6.876 70
0.507 5.908 6.234 70
0.086 5.832 6.062 70
-0.459 6.742 8.657 70
0.842 5.525 6.684 70
0.402 6.378 6.234 70
0.622 7.029 9.921 70
-0.181 5.755 9.251 70
-1.829 6.406 8.868 70
-1.168 5.468 6.895 70
-0.814 5.43 6.722 70
-1.216 5.65 8.389 70
1.13 5.813 10.429 70
-0.775 7.287 7.699 70
-2.001 7.891 9.471 70
-0.038 5.458 8.781 70
0.363 5.602 8.207 70
0.612 3.878 8.111 70
-0.019 4.558 6.847 70
0.593 5.104 8.609 70
0.114 6.052 6.904 70
-0.497 6.349 8.015 70
-0.89 5.889 9.691 70
-1.321 5.755 7.402 70
-1.896 4.836 6.665 70
-1.857 4.414 9.979 70
-0.478 4.232 9.059 70
-0.316 3.198 8.36 70
-1.819 5.085 7.393 70
-0.296 5.027 8.657 70
0.153 3.983 8.724 70
0.89 3.725 10.39 70
-0.823 4.663 7.182 70
-0.555 4.874 7.278 70
-0.928 4.654 6.837 70
-1.13 6.512 8.887 70
-0.325 6.512 9.682 70
-0.957 6.148 8.532 70
-1.35 4.434 7.163 70
-0.718 4.165 8.341 70
-0.392 3.715 7.939 70
-0.909 4.28 6.837 70
-1.216 4.817 10.505 70
-0.114 4.874 9.452 70
1.522 3.821 7.671 70
1.838 3.734 8.887 70
-0.047 2.643 10.295 70
-0.162 5.544 7.441 70
-1.407 6.215 7.939 70
-0.699 6.397 7.402 70
-0.162 6.291 7.45 70
-0.44 6.502 7.91 70
-1.043 5.41 9.337 70
-1.493 3.869 9.548 70
-0.919 3.428 7.996 70
-0.469 3.667 5.793 70
-0.373 4.395 6.435 70
-0.124 4.903 7.584 70
1.704 5.238 9.758 70
2.212 3.983 9.95 70
0.076 4.759 8.906 71
1.005 4.491 10.017 69
0.919 4.376 8.015 70
0.248 4.702 6.895 70
-0.143 5.631 7.019 70
1.139 6.157 9.337 70
0.823 6.713 8.992 70
0.047 7.019 8.887 70
-0.507 6.224 8.801 20
-0.794 5.334 8.829 20
-1.168 4.616 8.379 20
-1.685 4.29 8.37 20
-2.059 4.223 8.638 20
-2.116 4.089 8.724 20
-1.771 3.715 8.293 20
-1.312 3.294 8.054 20
-0.881 2.978 7.584 20
-0.842 2.997 7.173 20
-0.756 3.026 6.933 20
-0.689 3.256 6.876 20
-0.507 3.533 6.895 20
-0.258 3.763 6.943 20
-0.181 4.079 7.431 20
-0.143 4.29 8.197 20
0.469 4.271 9.021 20
1.695 4.28 10.103 20
3.217 4.204 10.668 20
1.848 5.334 10.16 20
0.172 6.397 9.586 20
-0.019 6.339 9.385 20
0.095 5.985 10.017 20
0.143 5.544 9.442 20
-0.153 5.612 8.216 20
-0.421 5.985 7.91 20
-0.181 6.167 8.169 20
0.699 5.813 8.848 20
1.302 5.43 9.232 20
1.426 5.19 9.509 20
1.398 5.142 9.289 20
0.833 5.219 9.011 20
0.172 5.046 8.379 20
-0.335 4.769 7.651 20
-0.67 4.635 6.876 21
-0.746 4.481 6.042 19
-0.641 4.347 5.583 20
-0.526 4.357 5.104 20
-0.43 4.453 4.644 20
-0.574 4.778 4.414 20
-0.842 5.248 4.548 40
-0.928 5.564 5.525 20
-0.852 5.813 6.732 20
-0.727 6.033 7.383 20
-0.794 6.368 7.661 20
-0.957 6.77 8.092 20
-1.206 7.297 8.925 20
-0.948 7.402 9.777 20
-0.325 6.962 10.84 20
-0.067 6.426 11.654 20
-0.268 6.215 11.252 20
-0.651 6.138 10.486 20
-0.612 5.765 9.777 20
-0.248 5.238 9.605 20
0.143 4.462 9.241 20
0.134 4.156 8.494 20
-0.383 4.347 8.054 20
-0.861 4.453 8.322 20
-1.034 4.663 8.264 20
-0.785 4.587 7.91 20
-0.488 4.577 7.498 20
-0.287 4.711 7.22 21
-0.047 4.73 6.962 19
0.153 4.721 6.943 20
0.114 4.635 7.163 20
-0.067 4.462 7.45 20
-0.287 4.194 7.489 20
-0.507 4.079 7.058 20
-0.67 4.213 6.512 20
-0.641 4.376 6.387 20
-0.239 4.491 6.56 20
0.038 4.692 6.847 20
0.383 4.932 7.086 20
0.775 5.027 7.259 20
0.976 5.305 7.508 20
1.082 5.391 7.881 20
1.11 5.382 8.197 20
0.938 5.267 8.427 20
0.66 5.343 8.293 20
0.383 5.468 8.149 20
0.344 5.544 8.149 40
0.373 5.861 8.015 20
0.268 6.617 7.536 20
0.44 6.981 7.92 20
1.599 6.502 9.04 20
2.403 5.726 9.548 20
2.145 5.592 8.973 20
1.216 5.975 7.536 20
0.507 6.09 6.991 20
0.057 6.138 7.077 20
-0.181 5.975 7.019 20
-0.248 5.746 6.588 20
-0.325 5.707 6.215 20
-0.268 5.851 5.985 21
-0.287 6.033 5.65 19
-0.373 6.253 5.305 21
-0.306 6.464 5.497 19
-0.009 6.301 5.736 20
0.22 6.167 5.889 20
0.038 6.205 5.698 20
-0.584 6.301 5.449 20
-1.005 6.224 5.602 20
-0.881 6.004 6.33 20
-0.411 5.87 7.287 20
0.086 5.861 8.216 20
0.497 5.688 8.944 20
0.67 5.64 8.81 20
0.507 5.659 7.92 20
0.239 6.071 7.23 20
0.086 6.473 7.402 20
0.22 6.473 8.025 20
-0.124 6.742 8.887 20
-1.005 7.153 8.925 20
-1.177 7.24 8.418 20
-1.063 7.307 8.628 20
-0.526 6.751 9.701 20
-0.296 5.975 10.218 20
-0.89 5.956 9.72 20
-1.589 6.1 9.538 20
-1.838 6.11 9.864 20
-1.312 5.535 10.007 20
-0.603 4.75 9.595 40
-0.363 4.414 8.992 21
-0.316 4.328 8.226 19
-0.268 4.299 7.785 20
-0.402 4.367 7.479 20
-0.555 4.616 7.077 20
-0.507 4.692 7.259 20
-0.392 4.836 7.153 20
-0.306 5.114 7.086 20
-0.239 5.439 7.23 20
-0.153 5.631 7.785 20
-0.067 5.679 8.542 20
0.095 5.573 9.27 20
0.354 5.43 9.835 20
0.325 5.458 9.548 20
0.258 5.554 8.801 20
0.239 5.612 8.59 20
0.268 5.755 8.686 20
0.287 5.975 9.011 20
0.392 6.11 9.5 20
0.938 5.726 9.806 20
1.13 5.573 8.916 20
0.957 5.841 7.987 20
0.881 5.937 8.944 20
1.264 5.544 11.118 20
1.896 4.587 12.229 20
1.857 4.242 11.061 20
1.321 4.338 9.241 20
1.005 4.395 8.504 20
0.967 4.242 8.312 20
1.072 4.089 7.929 20
1.101 3.926 7.68 20
1.11 3.878 7.833 20
1.139 3.859 7.68 20
1.101 3.993 7.45 20
1.082 4.175 7.201 20
1.091 4.29 7.335 20
1.225 4.51 7.546 20
1.321 4.73 7.814 20
1.484 4.836 7.718 20
1.599 5.228 7.584 20
1.934 5.468 7.738 40
2.461 5.315 7.967 20
2.729 5.133 7.852 20
2.288 5.621 7.594 20
1.934 6.042 7.671 20
1.312 6.387 9.212 70
1.235 6.397 9.318 21
0.928 6.358 9.088 19
0.545 6.301 8.283 20
0.239 6.272 7.757 20
0.162 6.004 8.111 20
0.248 5.382 8.877 20
0.124 4.999 8.81 20
-0.383 4.865 8.255 20
-0.881 5.046 7.728 40
-1.082 5.075 7.661 20
-0.823 5.018 7.814 20
-0.268 4.663 8.034 20
-0.038 4.529 8.044 20
0.057 4.299 7.422 20
-0.028 4.194 6.665 20
-0.095 4.204 6.291 20
-0.143 4.28 6.272 20
-0.229 4.242 6.636 20
-0.488 4.271 7.01 21
-0.804 4.405 7.307 19
-0.957 4.577 7.498 20
-1.13 4.912 7.747 20
-0.737 5.104 8.513 20
-0.124 5.209 9.567 20
0.804 5.295 10.735 20
1.57 5.363 11.224 20
1.388 5.688 10.802 20
0.689 6.129 9.768 20
0.641 6.272 9.212 20
1.168 5.889 8.858 20
1.331 5.774 8.609 20
1.407 5.554 8.082 20
1.321 5.42 7.795 20
1.225 5.209 7.948 20
1.091 4.941 8.475 20
0.861 4.73 8.236 20
0.497 4.817 7.584 20
0.373 4.874 7.096 20
0.641 4.941 6.962 20
1.015 4.817 7.067 20
1.235 4.769 7.173 20
1.273 4.75 6.866 20
1.043 4.893 6.349 20
0.881 5.066 6.062 20
0.584 5.343 5.899 20
0.316 5.784 5.937 20
0.057 6.291 6.301 20
-0.076 6.598 7.096 20
-0.268 6.943 7.747 20
-0.268 6.943 8.063 21
-0.134 7.144 8.063 19
0.047 7.297 8.437 20
0.095 7.68 9.337 20
0.517 7.728 10.314 20
1.063 7.345 10.687 20
0.612 7.077 10.457 20
-0.45 6.904 9.998 20
-1.331 6.713 9.222 20
-1.79 6.531 8.667 20
-1.608 6.09 8.552 20
-1.063 5.372 8.762 20
-0.842 4.807 8.647 20
-1.235 4.826 7.852 20
-1.493 5.209 7.0 20
-1.254 5.19 6.464 20
-0.919 5.161 6.234 20
-0.852 4.989 6.071 20
-0.89 4.788 5.573 20
-1.015 4.73 5.114 21
-0.995 4.702 5.142 19
-0.909 4.596 5.612 20
-0.957 4.74 5.889 20
-1.11 4.778 6.1 20
-1.379 4.96 6.588 20
-1.561 5.104 7.45 20
-1.589 5.41 8.188 20
-0.986 5.477 8.877 20
0.44 5.449 10.352 20
1.13 5.707 11.348 20
0.536 6.186 10.955 20
-0.497 6.416 10.17 20
-1.235 6.358 9.423 20
-1.254 6.014 8.801 20
-0.928 5.698 8.073 20
-0.814 5.506 7.584 20
-0.44 5.257 7.833 20
0.45 4.865 8.35 21
0.775 4.721 8.791 19
0.66 4.654 8.628 20
0.21 4.683 8.111 20
-0.162 5.085 7.546 20
-0.076 5.612 7.297 40
0.354 5.717 7.354 20
0.478 5.717 7.891 20
0.268 5.602 7.967 20
-0.153 5.822 7.632 20
-0.143 5.928 6.933 20
0.124 5.947 6.397 20
0.402 5.774 6.33 21
0.497 5.746 6.416 19
0.363 5.592 6.627 20
-0.038 5.841 6.742 20
-0.201 6.138 6.531 20
-0.296 6.521 6.627 20
-0.229 6.684 7.201 20
-0.45 6.866 7.498 20
-0.45 6.981 7.354 20
-0.258 7.048 7.623 20
-0.497 7.192 8.312 20
-0.919 7.182 8.647 20
-1.513 6.952 8.686 20
-1.771 6.675 9.021 20
-1.321 6.282 9.576 20
-0.651 5.612 9.423 20
-1.13 5.516 8.954 20
-1.474 5.123 8.523 20
-0.919 4.941 8.532 20
0.028 4.75 8.446 21
0.086 5.056 8.034 19
-0.325 5.008 7.345 20
-0.507 4.769 6.55 20
-0.268 4.529 6.023 20
0.248 4.663 5.774 20
0.517 4.769 6.157 20
-0.191 4.759 5.736 20
-0.526 4.979 6.09 20
-1.149 5.008 5.267 20
-1.139 5.037 5.918 20
-0.469 5.046 6.924 20
-0.497 5.353 7.575 20
-0.679 5.755 7.967 20
-0.718 5.755 8.121 20
-0.718 6.062 8.121 20
-0.976 6.617 8.58 20
-0.756 6.876 9.356 20
-0.172 6.828 9.576 20
0.277 6.924 9.5 20
0.478 7.086 9.26 20
0.775 6.952 8.82 21
1.149 6.856 8.848 19
1.244 6.713 8.274 20
1.197 6.56 7.173 20
1.541 6.445 7.498 21
1.991 5.861 8.609 19
1.934 5.43 9.366 20
1.637 4.501 8.532 20
1.513 4.357 6.847 20
1.81 4.501 6.991 20
2.432 4.606 6.895 21
2.384 5.085 7.01 19
2.221 5.353 6.732 20
2.346 5.171 6.157 20
2.202 5.152 5.659 20
1.915 5.382 5.736 20
1.522 5.669 6.177 20
1.244 6.033 6.646 20
1.015 6.387 6.876 20
0.842 6.742 7.642 20
0.689 6.856 8.312 20
-0.191 6.943 8.762 20
-0.727 7.029 9.634 20
-0.584 6.895 9.998 20
-0.574 6.837 10.122 20
-0.737 6.473 10.122 20
-1.493 6.244 9.03 20
-1.991 6.042 8.647 20
-2.116 5.899 8.494 20
-1.963 5.64 8.341 21
-1.321 5.516 8.772 19
-1.139 5.324 8.542 20
-1.877 5.43 8.054 90
-1.225 5.19 7.69 20
-0.814 4.893 6.78 20
-0.66 4.663 6.09 20
-0.488 4.51 5.861 20
-0.478 4.577 5.544 20
-0.43 4.625 5.372 20
-0.565 4.807 5.583 40
-0.555 4.865 5.851 20
-0.497 5.133 6.033 20
-0.804 5.363 6.588 21
-0.986 5.65 7.345 19
-0.459 5.899 7.728 20
-0.459 6.426 7.795 20
-0.306 6.617 8.312 20
0.019 6.924 8.686 20
0.181 6.991 9.327 21
0.21 6.895 9.816 19
0.517 7.029 9.538 20
0.861 6.473 9.078 20
1.158 5.966 9.145 20
0.852 5.43 9.586 20
0.641 5.583 10.304 20
0.756 5.774 11.3 20
0.794 5.621 10.409 20
0.593 5.41 8.418 20
0.536 5.018 6.952 20
0.507 4.855 6.358 20
0.689 4.788 6.349 20
0.871 4.826 6.244 20
1.024 4.635 6.052 21
0.641 4.673 5.209 19
0.153 4.673 4.826 20
-0.086 4.606 5.228 20
-0.038 4.606 5.075 20
0.057 4.759 5.114 20
-0.105 4.845 5.142 20
0.047 5.066 5.449 20
0.402 5.353 6.1 20
0.44 5.822 6.665 20
0.44 6.215 7.038 21
0.402 6.54 7.728 19
0.507 6.856 9.04 20
0.89 7.22 10.687 20
1.254 7.249 11.473 20
0.44 7.019 11.913 21
-0.469 6.703 11.875 19
-1.34 7.134 10.802 40
-1.379 7.077 9.768 20
-1.12 7.01 9.203 21
-0.785 6.244 10.093 19
-0.584 5.343 10.141 20
-0.919 4.865 9.557 20
-1.35 4.443 8.734 20
-1.637 4.338 8.255 20
-1.474 4.367 7.383 20
-1.455 4.472 6.866 20
-1.398 4.855 6.253 20
-1.091 4.702 5.046 20
-1.053 4.979 5.717 20
-1.225 4.443 6.196 20
-1.292 4.299 6.665 20
-1.321 4.204 5.602 20
-1.455 4.472 5.449 20
-1.283 4.472 5.564 20
-1.225 4.683 6.004 21
-1.206 5.056 6.253 19
-1.158 5.41 6.703 20
-1.082 5.564 6.253 20
-0.976 5.612 6.464 20
-1.264 5.889 6.349 20
-1.264 6.042 6.445 20
-1.063 5.956 7.584 20
-0.967 6.129 7.173 20
-0.804 6.186 6.952 21
-0.565 6.177 6.54 19
-0.43 6.272 6.454 20
-0.21 6.54 7.0 20
-0.105 6.751 7.613 20
-0.086 6.856 7.948 20
0.105 6.924 7.967 20
0.21 6.78 7.776 21
0.612 6.253 8.379 19
0.881 5.87 9.251 21
0.421 5.813 9.777 19
0.306 5.755 9.538 20
0.287 5.612 8.36 20
0.402 5.64 7.9 20
0.526 5.688 7.728 40
0.612 5.65 7.814 20
0.344 5.793 7.536 20
0.076 5.899 7.508 20
-0.095 5.88 7.872 20
-0.363 5.975 7.92 20
-0.555 5.956 7.489 20
-0.507 5.832 6.799 21
-0.43 5.774 6.196 19
-0.067 5.554 5.956 20
0.105 5.736 5.889 20
-0.038 5.822 6.09 20
-0.191 5.784 6.052 20
-0.095 5.793 6.502 20
0.009 5.765 6.502 20
0.076 5.669 6.751 21
0.047 5.995 6.694 19
-0.095 6.311 6.148 20
-0.086 6.368 6.493 20
0.172 6.454 7.038 20
0.22 6.445 7.173 21
0.201 6.828 7.603 19
0.459 6.751 7.584 20
0.172 6.962 7.402 20
-0.086 7.335 7.489 20
-0.507 7.785 7.278 20
-0.938 7.46 8.724 20
-0.44 6.531 11.386 20
-0.517 5.65 11.233 20
-0.9 5.343 8.638 20
-0.689 5.104 7.46 20
-0.344 5.439 7.785 20
0.086 5.535 8.216 20
-0.134 5.774 8.178 20
-0.612 5.544 7.891 20
-0.392 5.315 8.092 20
-0.354 5.123 8.111 20
0.095 4.941 7.575 20
0.402 5.094 6.751 20
0.488 5.008 6.665 20
0.45 5.008 6.952 20
0.45 4.96 6.952 20
0.124 5.305 5.985 20
0.009 5.449 6.291 20
-0.009 5.65 6.483 20
0.258 5.746 6.847 21
0.296 5.688 7.153 19
0.402 5.631 7.671 20
0.172 5.918 7.671 20
-0.047 6.062 7.441 20
0.258 6.272 7.92 20
0.507 6.387 8.714 21

# Completed @Sun Jul 17 23:11:12 CEST 2016
